TestCase,Max,Avg,Min,Sum,HarmonicMean,GeometricMean,StandardDeviation,MaxLinesRatio,AvgLinesRatio,MinLinesRatio,SumLinesRatio,HarmonicMeanLinesRatio,GeometricMeanLinesRatio,StandardDeviationLinesRatio,used_classes,changeProneness,linesRatio
org.mockito.internal.verification.NoMoreInteractionsTest.noMoreInteractionsExceptionMessageShouldDescribeMock,0.11627906976744186,0.02281659911937339,0.001254180602006689,0.31943238767122745,0.007461347655138461,0.013316537985191767,0.028515675195262984,6.128860083873428,0.6719510566983479,0.0020903010033444815,9.40731479377687,0.023305452720328655,0.16470734375703008,1.5288527085801917,"[""VerificationDataImpl"", ""RuntimeException"", ""InvocationImpl"", ""Invocation"", ""NoMoreInteractionsTest"", ""List"", ""SerializableMethod"", ""NoInteractionsWanted"", ""MockSettingsImpl"", ""Object"", ""Mockito"", ""InvocationBuilder"", ""LinkedList"", ""InvocationContainerImpl"", ""ThreadSafeMockingProgress"", ""Class"", ""InvocationMatcher"", ""NoMoreInteractions"", ""IMethods""]","[0.11627906976744186, 0.0484178421654594, 0.031687995124923825, 0.022672064777327937, 0.02134959969500572, 0.014450867052023121, 0.01300284437220642, 0.01178318931657502, 0.01044932079414838, 0.008675078864353312, 0.007720020586721565, 0.0069881201956673656, 0.004702194357366771, 0.001254180602006689]","[6.128860083873428, 0.7415173465497522, 0.5527117611212675, 0.2663967611336032, 0.5200152497140679, 0.27528901734104044, 0.07882974400650142, 0.11036920659858601, 0.038662486938349006, 0.3698738170347003, 0.09006690684508492, 0.20964360587002095, 0.022988505747126436, 0.0020903010033444815]"
org.mockito.internal.verification.checkers.MissingInvocationInOrderCheckerTest.shouldReportArgumentsAreDifferent,0.11627906976744186,0.026179694459544028,0.005751848808545604,0.3141563335145283,0.01090107473616426,0.014851927338155262,0.03308671850138237,6.128860083873428,0.7260394012961088,0.024628014366341714,8.712472815553305,0.07089737147703154,0.15084637250757701,1.660088328966279,"[""RuntimeException"", ""MissingInvocationInOrderCheckerTest"", ""InvocationImpl"", ""Invocation"", ""SmartPrinter"", ""MissingInvocationInOrderChecker"", ""Integer"", ""List"", ""SerializableMethod"", ""InvocationsFinderStub"", ""MissingInvocationInOrderCheckerTest$ReporterStub"", ""Object"", ""Mockito"", ""InvocationBuilder"", ""LinkedList"", ""VerificationModeBuilder"", ""Reporter"", ""Class"", ""VerificationModeFactory""]","[0.11627906976744186, 0.06885245901639345, 0.0484178421654594, 0.01178318931657502, 0.011306532663316583, 0.01044932079414838, 0.00964765100671141, 0.009264024704065878, 0.007720020586721565, 0.007696254489481785, 0.0069881201956673656, 0.005751848808545604]","[6.128860083873428, 1.0930327868852459, 0.7415173465497522, 0.11036920659858601, 0.09987437185929648, 0.038662486938349006, 0.08179530201342282, 0.09933093154915079, 0.05764282038085435, 0.024628014366341714, 0.20964360587002095, 0.027115858668857847]"
org.mockito.internal.verification.checkers.MissingInvocationInOrderCheckerTest.shouldReportWantedDiffersFromActual,0.11627906976744186,0.029320214984450033,0.005751848808545604,0.2932021498445003,0.011004583400046012,0.0159354479566844,0.03541697784969795,6.128860083873428,0.8530803141680586,0.024628014366341714,8.530803141680586,0.06801771447065798,0.16711814369069558,1.7917084606781617,"[""RuntimeException"", ""MissingInvocationInOrderCheckerTest"", ""InvocationImpl"", ""Invocation"", ""MissingInvocationInOrderChecker"", ""Integer"", ""SerializableMethod"", ""List"", ""MissingInvocationInOrderCheckerTest$ReporterStub"", ""Object"", ""Mockito"", ""InvocationBuilder"", ""LinkedList"", ""VerificationModeBuilder"", ""Reporter"", ""Class"", ""VerificationModeFactory""]","[0.11627906976744186, 0.06885245901639345, 0.0484178421654594, 0.01178318931657502, 0.01044932079414838, 0.009264024704065878, 0.007720020586721565, 0.007696254489481785, 0.0069881201956673656, 0.005751848808545604]","[6.128860083873428, 1.0930327868852459, 0.7415173465497522, 0.11036920659858601, 0.038662486938349006, 0.09933093154915079, 0.05764282038085435, 0.024628014366341714, 0.20964360587002095, 0.027115858668857847]"
org.mockito.internal.verification.checkers.NumberOfInvocationsCheckerTest.shouldReportWithLastInvocationStackTrace,0.11627906976744186,0.0320681223364179,0.006285714285714286,0.28861310102776105,0.012301310378902853,0.018015649219427034,0.03632972719151011,6.128860083873428,0.961242760849659,0.038662486938349006,8.651184847646931,0.1192526728456233,0.2530043242812081,1.8587267486243766,"[""RuntimeException"", ""InvocationImpl"", ""Arrays"", ""Invocation"", ""List"", ""SerializableMethod"", ""Object"", ""Mockito"", ""NumberOfInvocationsChecker"", ""InvocationBuilder"", ""LinkedList"", ""NumberOfInvocationsCheckerTest"", ""Reporter"", ""Class"", ""NumberOfInvocationsCheckerTest$ReporterStub"", ""Discrepancy""]","[0.11627906976744186, 0.06885245901639345, 0.0484178421654594, 0.01178318931657502, 0.01044932079414838, 0.010293360782295419, 0.009264024704065878, 0.0069881201956673656, 0.006285714285714286]","[6.128860083873428, 1.0930327868852459, 0.7415173465497522, 0.11036920659858601, 0.038662486938349006, 0.184251158003088, 0.06484817292846114, 0.20964360587002095, 0.08]"
org.mockito.internal.verification.checkers.NumberOfInvocationsCheckerTest.shouldReportNeverWantedButInvoked,0.11627906976744186,0.0320681223364179,0.006285714285714286,0.28861310102776105,0.012301310378902853,0.018015649219427034,0.03632972719151011,6.128860083873428,0.961242760849659,0.038662486938349006,8.651184847646931,0.1192526728456233,0.2530043242812081,1.8587267486243766,"[""RuntimeException"", ""InvocationImpl"", ""Invocation"", ""List"", ""SerializableMethod"", ""Object"", ""Mockito"", ""NumberOfInvocationsChecker"", ""InvocationBuilder"", ""LinkedList"", ""NumberOfInvocationsCheckerTest"", ""Reporter"", ""Class"", ""NumberOfInvocationsCheckerTest$ReporterStub"", ""Discrepancy""]","[0.11627906976744186, 0.06885245901639345, 0.0484178421654594, 0.01178318931657502, 0.01044932079414838, 0.010293360782295419, 0.009264024704065878, 0.0069881201956673656, 0.006285714285714286]","[6.128860083873428, 1.0930327868852459, 0.7415173465497522, 0.11036920659858601, 0.038662486938349006, 0.184251158003088, 0.06484817292846114, 0.20964360587002095, 0.08]"
org.mockito.internal.verification.checkers.NumberOfInvocationsCheckerTest.shouldReportWithFirstUndesiredInvocationStackTrace,0.11627906976744186,0.0320681223364179,0.006285714285714286,0.28861310102776105,0.012301310378902853,0.018015649219427034,0.03632972719151011,6.128860083873428,0.961242760849659,0.038662486938349006,8.651184847646931,0.1192526728456233,0.2530043242812081,1.8587267486243766,"[""RuntimeException"", ""InvocationImpl"", ""Arrays"", ""Invocation"", ""List"", ""SerializableMethod"", ""Object"", ""Mockito"", ""NumberOfInvocationsChecker"", ""InvocationBuilder"", ""LinkedList"", ""NumberOfInvocationsCheckerTest"", ""Reporter"", ""Class"", ""NumberOfInvocationsCheckerTest$ReporterStub"", ""Discrepancy""]","[0.11627906976744186, 0.06885245901639345, 0.0484178421654594, 0.01178318931657502, 0.01044932079414838, 0.010293360782295419, 0.009264024704065878, 0.0069881201956673656, 0.006285714285714286]","[6.128860083873428, 1.0930327868852459, 0.7415173465497522, 0.11036920659858601, 0.038662486938349006, 0.184251158003088, 0.06484817292846114, 0.20964360587002095, 0.08]"
org.mockito.internal.verification.checkers.NumberOfInvocationsCheckerTest.shouldReportTooLittleActual,0.11627906976744186,0.0320681223364179,0.006285714285714286,0.28861310102776105,0.012301310378902853,0.018015649219427034,0.03632972719151011,6.128860083873428,0.961242760849659,0.038662486938349006,8.651184847646931,0.1192526728456233,0.2530043242812081,1.8587267486243766,"[""Object"", ""RuntimeException"", ""Mockito"", ""NumberOfInvocationsChecker"", ""InvocationImpl"", ""Invocation"", ""InvocationBuilder"", ""LinkedList"", ""NumberOfInvocationsCheckerTest"", ""Discrepancy"", ""Reporter"", ""SerializableMethod"", ""Class"", ""NumberOfInvocationsCheckerTest$ReporterStub"", ""List""]","[0.11627906976744186, 0.06885245901639345, 0.0484178421654594, 0.01178318931657502, 0.01044932079414838, 0.010293360782295419, 0.009264024704065878, 0.0069881201956673656, 0.006285714285714286]","[6.128860083873428, 1.0930327868852459, 0.7415173465497522, 0.11036920659858601, 0.038662486938349006, 0.184251158003088, 0.06484817292846114, 0.20964360587002095, 0.08]"
org.mockito.internal.verification.checkers.NumberOfInvocationsCheckerTest.shouldReportTooManyActual,0.11627906976744186,0.0320681223364179,0.006285714285714286,0.28861310102776105,0.012301310378902853,0.018015649219427034,0.03632972719151011,6.128860083873428,0.961242760849659,0.038662486938349006,8.651184847646931,0.1192526728456233,0.2530043242812081,1.8587267486243766,"[""Object"", ""RuntimeException"", ""Mockito"", ""NumberOfInvocationsChecker"", ""InvocationImpl"", ""Invocation"", ""InvocationBuilder"", ""LinkedList"", ""NumberOfInvocationsCheckerTest"", ""Discrepancy"", ""Reporter"", ""SerializableMethod"", ""Class"", ""NumberOfInvocationsCheckerTest$ReporterStub"", ""List""]","[0.11627906976744186, 0.06885245901639345, 0.0484178421654594, 0.01178318931657502, 0.01044932079414838, 0.010293360782295419, 0.009264024704065878, 0.0069881201956673656, 0.006285714285714286]","[6.128860083873428, 1.0930327868852459, 0.7415173465497522, 0.11036920659858601, 0.038662486938349006, 0.184251158003088, 0.06484817292846114, 0.20964360587002095, 0.08]"
org.mockito.internal.verification.checkers.MissingInvocationCheckerTest.shouldReportWantedInvocationDiffersFromActual,0.11627906976744186,0.0352265898378665,0.0069881201956673656,0.281812718702932,0.013849177770093686,0.02041866189634315,0.0373443105281519,6.128860083873428,1.0601397426002308,0.038662486938349006,8.481117940801846,0.11572406600363765,0.2674351114907257,1.9489569512247729,"[""Object"", ""RuntimeException"", ""Mockito"", ""MissingInvocationChecker"", ""Invocation"", ""InvocationImpl"", ""InvocationBuilder"", ""LinkedList"", ""SerializableMethod"", ""MissingInvocationCheckerTest$ReporterStub"", ""Reporter"", ""Class"", ""MissingInvocationCheckerTest"", ""List""]","[0.11627906976744186, 0.06885245901639345, 0.0484178421654594, 0.01178318931657502, 0.01044932079414838, 0.00977869274318065, 0.009264024704065878, 0.0069881201956673656]","[6.128860083873428, 1.0930327868852459, 0.7415173465497522, 0.11036920659858601, 0.038662486938349006, 0.05867215645908389, 0.10036026762738035, 0.20964360587002095]"
org.mockito.internal.handler.MockHandlerImplTest.should_remove_verification_mode_even_when_invalid_matchers,0.11627906976744186,0.023339055878174253,0.00544069640914037,0.28006867053809104,0.010827824326530393,0.014171172814739823,0.030505380528757772,6.128860083873428,0.7210316798399407,0.024628014366341714,8.652380158079287,0.07854155037664487,0.17389184653056938,1.6457274201413377,"[""MockingProgress"", ""RuntimeException"", ""InvocationImpl"", ""MockHandlerImplTest$1"", ""Invocation"", ""InvalidUseOfMatchersException"", ""SerializableMethod"", ""List"", ""MockHandlerImplTest"", ""MockSettingsImpl"", ""Object"", ""Mockito"", ""InvocationBuilder"", ""LinkedList"", ""MockHandlerImpl"", ""Class"", ""MatchersBinder"", ""VerificationModeFactory""]","[0.11627906976744186, 0.0484178421654594, 0.031687995124923825, 0.013409183258837871, 0.01178318931657502, 0.01088139281828074, 0.01044932079414838, 0.010133765707336847, 0.007696254489481785, 0.0069881201956673656, 0.006901840490797546, 0.00544069640914037]","[6.128860083873428, 0.7415173465497522, 0.5527117611212675, 0.04957334416903698, 0.11036920659858601, 0.43743199129488575, 0.038662486938349006, 0.07458451560599919, 0.024628014366341714, 0.20964360587002095, 0.03412576687116564, 0.250272034820457]"
org.mockito.internal.verification.checkers.AtLeastXNumberOfInvocationsCheckerTest.shouldMarkActualInvocationsAsVerified,0.11627906976744186,0.027536695852846415,0.0069881201956673656,0.27536695852846416,0.012516905108917235,0.016976215107696268,0.03237706893673594,6.128860083873428,0.98950141166564,0.038662486938349006,9.8950141166564,0.11280378531668087,0.24658040309284104,1.8231416748420664,"[""Matchers"", ""Object"", ""RuntimeException"", ""Mockito"", ""Arrays"", ""InvocationImpl"", ""Invocation"", ""List"", ""InvocationBuilder"", ""AtLeastXNumberOfInvocationsCheckerTest"", ""LinkedList"", ""AtLeastXNumberOfInvocationsChecker"", ""Class"", ""InvocationMatcher"", ""InvocationMarker"", ""SerializableMethod""]","[0.11627906976744186, 0.0484178421654594, 0.03453568687643899, 0.022672064777327937, 0.01178318931657502, 0.01044932079414838, 0.008569545154911009, 0.008328995314940135, 0.007343124165554072, 0.0069881201956673656]","[6.128860083873428, 0.7415173465497522, 2.1845740598618573, 0.2663967611336032, 0.11036920659858601, 0.038662486938349006, 0.08437705998681608, 0.055179593961478396, 0.07543391188251002, 0.20964360587002095]"
org.mockito.exceptions.ReporterTest.can_use_print_mock_name_even_when_mock_bogus_default_answer_and_when_reporting_invalid_argument_position,0.11627906976744186,0.034295927919443484,0.004918032786885246,0.27436742335554787,0.011103529273641005,0.017986979385869403,0.038016036437248005,6.128860083873428,1.055181772682903,0.038662486938349006,8.441454181463223,0.10196266329848966,0.24861951478441366,1.9514587994324675,"[""Object"", ""RuntimeException"", ""Mockito"", ""InvocationImpl"", ""Invocation"", ""List"", ""InvocationBuilder"", ""LinkedList"", ""SerializableMethod"", ""ReporterTest"", ""Reporter"", ""Class"", ""Boolean"", ""Returns""]","[0.11627906976744186, 0.06885245901639345, 0.0484178421654594, 0.01178318931657502, 0.01044932079414838, 0.0069881201956673656, 0.006679389312977099, 0.004918032786885246]","[6.128860083873428, 1.0930327868852459, 0.7415173465497522, 0.11036920659858601, 0.038662486938349006, 0.20964360587002095, 0.07633587786259542, 0.0430327868852459]"
org.mockito.exceptions.ReporterTest.can_use_print_mock_name_even_when_mock_bogus_default_answer_and_when_reporting_wrong_argument_to_return,0.11627906976744186,0.034295927919443484,0.004918032786885246,0.27436742335554787,0.011103529273641005,0.017986979385869403,0.038016036437248005,6.128860083873428,1.055181772682903,0.038662486938349006,8.441454181463223,0.10196266329848966,0.24861951478441366,1.9514587994324675,"[""Object"", ""RuntimeException"", ""Mockito"", ""InvocationImpl"", ""Invocation"", ""List"", ""InvocationBuilder"", ""LinkedList"", ""SerializableMethod"", ""ReporterTest"", ""Reporter"", ""Class"", ""Boolean"", ""Returns""]","[0.11627906976744186, 0.06885245901639345, 0.0484178421654594, 0.01178318931657502, 0.01044932079414838, 0.0069881201956673656, 0.006679389312977099, 0.004918032786885246]","[6.128860083873428, 1.0930327868852459, 0.7415173465497522, 0.11036920659858601, 0.038662486938349006, 0.20964360587002095, 0.07633587786259542, 0.0430327868852459]"
org.mockito.exceptions.ReporterTest.can_use_print_mock_name_even_when_mock_bogus_default_answer_and_when_reporting_delegate_method_has_wrong_return_type,0.11627906976744186,0.034295927919443484,0.004918032786885246,0.27436742335554787,0.011103529273641005,0.017986979385869403,0.038016036437248005,6.128860083873428,1.055181772682903,0.038662486938349006,8.441454181463223,0.10196266329848966,0.24861951478441366,1.9514587994324675,"[""Object"", ""RuntimeException"", ""Mockito"", ""InvocationImpl"", ""Invocation"", ""List"", ""InvocationBuilder"", ""LinkedList"", ""SerializableMethod"", ""ReporterTest"", ""Reporter"", ""Class"", ""Boolean"", ""Returns""]","[0.11627906976744186, 0.06885245901639345, 0.0484178421654594, 0.01178318931657502, 0.01044932079414838, 0.0069881201956673656, 0.006679389312977099, 0.004918032786885246]","[6.128860083873428, 1.0930327868852459, 0.7415173465497522, 0.11036920659858601, 0.038662486938349006, 0.20964360587002095, 0.07633587786259542, 0.0430327868852459]"
org.mockito.exceptions.ReporterTest.can_use_mock_name_even_when_mock_bogus_default_answer_and_when_reporting_no_more_interaction_wanted,0.11627906976744186,0.034295927919443484,0.004918032786885246,0.27436742335554787,0.011103529273641005,0.017986979385869403,0.038016036437248005,6.128860083873428,1.055181772682903,0.038662486938349006,8.441454181463223,0.10196266329848966,0.24861951478441366,1.9514587994324675,"[""Collections"", ""Object"", ""RuntimeException"", ""Mockito"", ""InvocationImpl"", ""Invocation"", ""List"", ""InvocationBuilder"", ""LinkedList"", ""SerializableMethod"", ""ReporterTest"", ""Reporter"", ""Class"", ""Boolean"", ""Returns""]","[0.11627906976744186, 0.06885245901639345, 0.0484178421654594, 0.01178318931657502, 0.01044932079414838, 0.0069881201956673656, 0.006679389312977099, 0.004918032786885246]","[6.128860083873428, 1.0930327868852459, 0.7415173465497522, 0.11036920659858601, 0.038662486938349006, 0.20964360587002095, 0.07633587786259542, 0.0430327868852459]"
org.mockito.exceptions.ReporterTest.can_use_print_mock_name_even_when_mock_bogus_default_answer_and_when_reporting_no_more_interaction_wanted_in_order,0.11627906976744186,0.034295927919443484,0.004918032786885246,0.27436742335554787,0.011103529273641005,0.017986979385869403,0.038016036437248005,6.128860083873428,1.055181772682903,0.038662486938349006,8.441454181463223,0.10196266329848966,0.24861951478441366,1.9514587994324675,"[""Object"", ""RuntimeException"", ""Mockito"", ""InvocationImpl"", ""Invocation"", ""List"", ""InvocationBuilder"", ""LinkedList"", ""SerializableMethod"", ""ReporterTest"", ""Reporter"", ""Class"", ""Boolean"", ""Returns""]","[0.11627906976744186, 0.06885245901639345, 0.0484178421654594, 0.01178318931657502, 0.01044932079414838, 0.0069881201956673656, 0.006679389312977099, 0.004918032786885246]","[6.128860083873428, 1.0930327868852459, 0.7415173465497522, 0.11036920659858601, 0.038662486938349006, 0.20964360587002095, 0.07633587786259542, 0.0430327868852459]"
org.mockito.exceptions.ReporterTest.can_use_print_mock_name_even_when_mock_bogus_default_answer_and_when_reporting_delegate_method_dont_exists,0.11627906976744186,0.034295927919443484,0.004918032786885246,0.27436742335554787,0.011103529273641005,0.017986979385869403,0.038016036437248005,6.128860083873428,1.055181772682903,0.038662486938349006,8.441454181463223,0.10196266329848966,0.24861951478441366,1.9514587994324675,"[""Object"", ""RuntimeException"", ""Mockito"", ""InvocationImpl"", ""Invocation"", ""List"", ""InvocationBuilder"", ""LinkedList"", ""SerializableMethod"", ""ReporterTest"", ""Reporter"", ""Class"", ""Boolean"", ""Returns""]","[0.11627906976744186, 0.06885245901639345, 0.0484178421654594, 0.01178318931657502, 0.01044932079414838, 0.0069881201956673656, 0.006679389312977099, 0.004918032786885246]","[6.128860083873428, 1.0930327868852459, 0.7415173465497522, 0.11036920659858601, 0.038662486938349006, 0.20964360587002095, 0.07633587786259542, 0.0430327868852459]"
org.mockito.exceptions.ReporterTest.should_let_passing_null_last_actual_stack_trace,0.11627906976744186,0.03424671854103563,0.004918032786885246,0.273973748328285,0.010960882144587736,0.017850914580239786,0.03805199025985148,6.128860083873428,1.0556397879500785,0.038662486938349006,8.445118303600628,0.10274840084346418,0.2500808143344496,1.9512294231074472,"[""Object"", ""RuntimeException"", ""Mockito"", ""InvocationImpl"", ""Invocation"", ""List"", ""InvocationBuilder"", ""LinkedList"", ""SerializableMethod"", ""ReporterTest"", ""Reporter"", ""Class"", ""Discrepancy""]","[0.11627906976744186, 0.06885245901639345, 0.0484178421654594, 0.01178318931657502, 0.01044932079414838, 0.0069881201956673656, 0.006285714285714286, 0.004918032786885246]","[6.128860083873428, 1.0930327868852459, 0.7415173465497522, 0.11036920659858601, 0.038662486938349006, 0.20964360587002095, 0.08, 0.0430327868852459]"
org.mockito.internal.handler.MockHandlerImplTest.should_report_bogus_default_answer,0.11627906976744186,0.02679306874021986,0.00544069640914037,0.2679306874021986,0.011605745562738789,0.01610378045170165,0.03248606363353074,6.128860083873428,0.9352030911300785,0.038662486938349006,9.352030911300785,0.15713772746017488,0.32961940449347504,1.7504186290352068,"[""RuntimeException"", ""InvocationImpl"", ""BDDMockito"", ""Invocation"", ""SerializableMethod"", ""List"", ""MockHandlerImplTest"", ""MockSettingsImpl"", ""Object"", ""Mockito"", ""InvocationBuilder"", ""LinkedList"", ""MockHandlerImpl"", ""BDDMockito$BDDMyOngoingStubbing"", ""Class"", ""Returns""]","[0.11627906976744186, 0.0484178421654594, 0.031687995124923825, 0.01932367149758454, 0.01178318931657502, 0.01088139281828074, 0.01044932079414838, 0.0069881201956673656, 0.006679389312977099, 0.00544069640914037]","[6.128860083873428, 0.7415173465497522, 0.5527117611212675, 0.8062265163714439, 0.11036920659858601, 0.43743199129488575, 0.038662486938349006, 0.20964360587002095, 0.07633587786259542, 0.250272034820457]"
org.mockito.internal.invocation.InvocationsFinderTest.shouldReturnAllChunksWhenWantedCountDoesntMatch,0.11627906976744186,0.02932593841007799,0.0069881201956673656,0.26393344569070193,0.015104506507470538,0.01947091072106457,0.03286506112327072,6.128860083873428,0.9133849983035583,0.038662486938349006,8.220464984732025,0.15582946110769388,0.29024574848470464,1.8533208976071152,"[""Collections"", ""RuntimeException"", ""InvocationImpl"", ""Arrays"", ""Invocation"", ""ExtraMatchers$5"", ""ExtraMatchers"", ""SerializableMethod"", ""List"", ""StringBuilder"", ""Object"", ""Mockito"", ""InvocationBuilder"", ""LinkedList"", ""Collection"", ""InvocationsFinderTest"", ""InvocationsFinder"", ""Class"", ""InvocationMatcher""]","[0.11627906976744186, 0.0484178421654594, 0.022672064777327937, 0.020808794660384766, 0.013422818791946308, 0.013112225221750868, 0.01178318931657502, 0.01044932079414838, 0.0069881201956673656]","[6.128860083873428, 0.7415173465497522, 0.2663967611336032, 0.24460149195131528, 0.19001677852348994, 0.29039722329348244, 0.11036920659858601, 0.038662486938349006, 0.20964360587002095]"
org.mockito.internal.invocation.InvocationsFinderTest.shouldReturnAllChunksWhenModeIsAtLeastOnce,0.11627906976744186,0.02932593841007799,0.0069881201956673656,0.26393344569070193,0.015104506507470538,0.01947091072106457,0.03286506112327072,6.128860083873428,0.9133849983035583,0.038662486938349006,8.220464984732025,0.15582946110769388,0.29024574848470464,1.8533208976071152,"[""Collections"", ""RuntimeException"", ""InvocationImpl"", ""Arrays"", ""Invocation"", ""ExtraMatchers$5"", ""ExtraMatchers"", ""SerializableMethod"", ""List"", ""StringBuilder"", ""Object"", ""Mockito"", ""InvocationBuilder"", ""LinkedList"", ""Collection"", ""InvocationsFinderTest"", ""InvocationsFinder"", ""Class"", ""InvocationMatcher""]","[0.11627906976744186, 0.0484178421654594, 0.022672064777327937, 0.020808794660384766, 0.013422818791946308, 0.013112225221750868, 0.01178318931657502, 0.01044932079414838, 0.0069881201956673656]","[6.128860083873428, 0.7415173465497522, 0.2663967611336032, 0.24460149195131528, 0.19001677852348994, 0.29039722329348244, 0.11036920659858601, 0.038662486938349006, 0.20964360587002095]"
org.mockito.internal.stubbing.InvocationContainerImplTest.should_tell_if_has_invocation_for_potential_stubbing,0.11627906976744186,0.028203246871240848,0.0069881201956673656,0.25382922184116763,0.014022739957781832,0.018075581964172454,0.03330961218760247,6.128860083873428,0.9026005315059771,0.038662486938349006,8.123404783553793,0.1473512127554732,0.27299623732269845,1.8575025607888407,"[""RuntimeException"", ""InvocationImpl"", ""Invocation"", ""List"", ""SerializableMethod"", ""Object"", ""Mockito"", ""InvocationBuilder"", ""LinkedList"", ""InvocationContainerImpl"", ""ReturnsEmptyValues"", ""Class"", ""InvocationMatcher"", ""InvocationContainerImplTest""]","[0.11627906976744186, 0.0484178421654594, 0.022672064777327937, 0.014450867052023121, 0.01178318931657502, 0.011608623548922056, 0.011180124223602485, 0.01044932079414838, 0.0069881201956673656]","[6.128860083873428, 0.7415173465497522, 0.2663967611336032, 0.27528901734104044, 0.11036920659858601, 0.2296849087893864, 0.12298136645962733, 0.038662486938349006, 0.20964360587002095]"
org.mockito.internal.stubbing.InvocationContainerImplTest.should_tell_if_has_invocation_for_potential_stubbing_stub_only,0.11627906976744186,0.028203246871240848,0.0069881201956673656,0.25382922184116763,0.014022739957781832,0.018075581964172454,0.03330961218760247,6.128860083873428,0.9026005315059771,0.038662486938349006,8.123404783553793,0.1473512127554732,0.27299623732269845,1.8575025607888407,"[""RuntimeException"", ""InvocationImpl"", ""Invocation"", ""List"", ""SerializableMethod"", ""Object"", ""Mockito"", ""InvocationBuilder"", ""LinkedList"", ""InvocationContainerImpl"", ""ReturnsEmptyValues"", ""Class"", ""InvocationMatcher"", ""InvocationContainerImplTest""]","[0.11627906976744186, 0.0484178421654594, 0.022672064777327937, 0.014450867052023121, 0.01178318931657502, 0.011608623548922056, 0.011180124223602485, 0.01044932079414838, 0.0069881201956673656]","[6.128860083873428, 0.7415173465497522, 0.2663967611336032, 0.27528901734104044, 0.11036920659858601, 0.2296849087893864, 0.12298136645962733, 0.038662486938349006, 0.20964360587002095]"
org.mockito.internal.invocation.InvocationsFinderTest.shouldFindFirstSimilarInvocationByName,0.11627906976744186,0.03135265255861888,0.0069881201956673656,0.25082122046895106,0.015396934216908046,0.02045737935137475,0.03432430830776926,6.128860083873428,0.991258470179818,0.038662486938349006,7.930067761438544,0.14729740542911046,0.2902268196899241,1.9518118876052288,"[""Object"", ""RuntimeException"", ""Mockito"", ""InvocationImpl"", ""Invocation"", ""List"", ""InvocationsFinderTest"", ""InvocationBuilder"", ""LinkedList"", ""InvocationsFinder"", ""Class"", ""InvocationMatcher"", ""SerializableMethod""]","[0.11627906976744186, 0.0484178421654594, 0.022672064777327937, 0.020808794660384766, 0.013422818791946308, 0.01178318931657502, 0.01044932079414838, 0.0069881201956673656]","[6.128860083873428, 0.7415173465497522, 0.2663967611336032, 0.24460149195131528, 0.19001677852348994, 0.11036920659858601, 0.038662486938349006, 0.20964360587002095]"
org.mockito.internal.invocation.InvocationsFinderTest.shouldFindInvocationWithTheSameMethod,0.11627906976744186,0.03135265255861888,0.0069881201956673656,0.25082122046895106,0.015396934216908046,0.02045737935137475,0.03432430830776926,6.128860083873428,0.991258470179818,0.038662486938349006,7.930067761438544,0.14729740542911046,0.2902268196899241,1.9518118876052288,"[""Object"", ""RuntimeException"", ""InvocationMatcher"", ""Mockito"", ""InvocationImpl"", ""Invocation"", ""List"", ""InvocationBuilder"", ""LinkedList"", ""InvocationsFinder"", ""Class"", ""InvocationsFinderTest"", ""SerializableMethod""]","[0.11627906976744186, 0.0484178421654594, 0.022672064777327937, 0.020808794660384766, 0.013422818791946308, 0.01178318931657502, 0.01044932079414838, 0.0069881201956673656]","[6.128860083873428, 0.7415173465497522, 0.2663967611336032, 0.24460149195131528, 0.19001677852348994, 0.11036920659858601, 0.038662486938349006, 0.20964360587002095]"
org.mockito.internal.stubbing.InvocationContainerImplStubbingTest.should_get_results_for_methods,0.11627906976744186,0.02475168394839675,0.0012091898428053204,0.2475168394839675,0.006412780073571122,0.012710761553596864,0.03298210596195843,6.128860083873428,0.7925795760213176,0.0,7.925795760213176,0.1209734535265718,0.2298652295449404,1.8663503220687832,"[""ThrowsException"", ""Object"", ""RuntimeException"", ""InvocationContainerImplStubbingTest"", ""Mockito"", ""InvocationImpl"", ""Invocation"", ""List"", ""InvocationContainerImplStubbingTest$MyException"", ""InvocationBuilder"", ""LinkedList"", ""InvocationContainerImpl"", ""SerializableMethod"", ""Class"", ""InvocationMatcher"", ""Returns""]","[0.11627906976744186, 0.0484178421654594, 0.022672064777327937, 0.014450867052023121, 0.01178318931657502, 0.01044932079414838, 0.008587786259541985, 0.0069881201956673656, 0.006679389312977099, 0.0012091898428053204]","[6.128860083873428, 0.7415173465497522, 0.2663967611336032, 0.27528901734104044, 0.11036920659858601, 0.038662486938349006, 0.07872137404580153, 0.20964360587002095, 0.07633587786259542, 0.0]"
org.mockito.internal.stubbing.InvocationContainerImplStubbingTest.should_get_results_for_methods_stub_only,0.11627906976744186,0.02475168394839675,0.0012091898428053204,0.2475168394839675,0.006412780073571122,0.012710761553596864,0.03298210596195843,6.128860083873428,0.7925795760213176,0.0,7.925795760213176,0.1209734535265718,0.2298652295449404,1.8663503220687832,"[""ThrowsException"", ""Object"", ""RuntimeException"", ""InvocationContainerImplStubbingTest"", ""Mockito"", ""InvocationImpl"", ""Invocation"", ""List"", ""InvocationContainerImplStubbingTest$MyException"", ""InvocationBuilder"", ""LinkedList"", ""InvocationContainerImpl"", ""SerializableMethod"", ""Class"", ""InvocationMatcher"", ""Returns""]","[0.11627906976744186, 0.0484178421654594, 0.022672064777327937, 0.014450867052023121, 0.01178318931657502, 0.01044932079414838, 0.008587786259541985, 0.0069881201956673656, 0.006679389312977099, 0.0012091898428053204]","[6.128860083873428, 0.7415173465497522, 0.2663967611336032, 0.27528901734104044, 0.11036920659858601, 0.038662486938349006, 0.07872137404580153, 0.20964360587002095, 0.07633587786259542, 0.0]"
org.mockito.internal.invocation.InvocationMatcherTest.should_capture_arguments_from_invocation,0.11627906976744186,0.027365857241709205,0.0059417706476530005,0.24629271517538284,0.012194909231139873,0.016482636715817862,0.03376502862721983,6.128860083873428,0.8715898134981632,0.038662486938349006,7.844308321483469,0.11588061313247715,0.21910620747001827,1.8695145404223892,"[""RuntimeException"", ""InvocationImpl"", ""Arrays"", ""Invocation"", ""InvocationMatcherTest"", ""Integer"", ""List"", ""CapturingMatcher"", ""SerializableMethod"", ""Object"", ""Mockito"", ""Equals"", ""InvocationBuilder"", ""LinkedList"", ""Class"", ""InvocationMatcher""]","[0.11627906976744186, 0.0484178421654594, 0.022672064777327937, 0.013765182186234818, 0.01178318931657502, 0.01044932079414838, 0.009996155324875048, 0.0069881201956673656, 0.0059417706476530005]","[6.128860083873428, 0.7415173465497522, 0.2663967611336032, 0.2, 0.11036920659858601, 0.038662486938349006, 0.06151480199923107, 0.20964360587002095, 0.0873440285204991]"
org.mockito.internal.debugging.WarningsFinderTest.shouldPrintUnstubbedInvocation,0.11627906976744186,0.026996165322070956,0.0069881201956673656,0.2429654878986386,0.012122879680025813,0.016115614811783745,0.033913965660803964,6.128860083873428,0.8681708547586443,0.038662486938349006,7.813537692827799,0.11351734298400229,0.2152845497613434,1.8707129143130348,"[""Object"", ""RuntimeException"", ""Mockito"", ""Arrays"", ""FindingsListener"", ""InvocationImpl"", ""Invocation"", ""InvocationBuilder"", ""LinkedList"", ""SerializableMethod"", ""WarningsFinder"", ""Class"", ""InvocationMatcher"", ""WarningsFinderTest"", ""List""]","[0.11627906976744186, 0.0484178421654594, 0.022672064777327937, 0.01178318931657502, 0.01044932079414838, 0.009789156626506024, 0.009056603773584906, 0.007530120481927711, 0.0069881201956673656]","[6.128860083873428, 0.7415173465497522, 0.2663967611336032, 0.11036920659858601, 0.038662486938349006, 0.12575301204819278, 0.14037735849056604, 0.051957831325301206, 0.20964360587002095]"
org.mockito.internal.debugging.WarningsFinderTest.shouldPrintStubWasUsedWithDifferentArgs,0.11627906976744186,0.026996165322070956,0.0069881201956673656,0.2429654878986386,0.012122879680025813,0.016115614811783745,0.033913965660803964,6.128860083873428,0.8681708547586443,0.038662486938349006,7.813537692827799,0.11351734298400229,0.2152845497613434,1.8707129143130348,"[""Object"", ""RuntimeException"", ""Mockito"", ""Arrays"", ""FindingsListener"", ""InvocationImpl"", ""Invocation"", ""InvocationBuilder"", ""LinkedList"", ""SerializableMethod"", ""WarningsFinder"", ""Class"", ""InvocationMatcher"", ""WarningsFinderTest"", ""List""]","[0.11627906976744186, 0.0484178421654594, 0.022672064777327937, 0.01178318931657502, 0.01044932079414838, 0.009789156626506024, 0.009056603773584906, 0.007530120481927711, 0.0069881201956673656]","[6.128860083873428, 0.7415173465497522, 0.2663967611336032, 0.11036920659858601, 0.038662486938349006, 0.12575301204819278, 0.14037735849056604, 0.051957831325301206, 0.20964360587002095]"
org.mockito.internal.invocation.InvocationMarkerTest.shouldMarkInvocationsAsVerifiedInOrder,0.11627906976744186,0.026932234961030737,0.0069881201956673656,0.24239011464927662,0.012066502296389803,0.016029229586055117,0.03394404635246656,6.128860083873428,0.8630594317072496,0.038662486938349006,7.767534885365246,0.11171709379022184,0.20779560637459854,1.8727303047821227,"[""Object"", ""RuntimeException"", ""Mockito"", ""Arrays"", ""Invocation"", ""InvocationImpl"", ""InvocationBuilder"", ""LinkedList"", ""InvocationMarkerTest"", ""SerializableMethod"", ""InOrderContextImpl"", ""Class"", ""InvocationMatcher"", ""InvocationMarker"", ""List""]","[0.11627906976744186, 0.0484178421654594, 0.022672064777327937, 0.01178318931657502, 0.01044932079414838, 0.008661417322834646, 0.008569545154911009, 0.008569545154911009, 0.0069881201956673656]","[6.128860083873428, 0.7415173465497522, 0.2663967611336032, 0.11036920659858601, 0.038662486938349006, 0.06377952755905512, 0.08437705998681608, 0.12392880685563612, 0.20964360587002095]"
org.mockitousage.basicapi.MocksSerializationTest.should_serialize_with_stubbing_callback,0.11627906976744186,0.030052701119451374,0.0025412960609911056,0.240421608955611,0.010209629704973723,0.017900278625401198,0.03392525132836487,6.128860083873428,1.332157925772815,0.005082592121982211,10.65726340618252,0.03494116434131254,0.35739320960470583,1.9218735213418545,"[""Object"", ""OngoingStubbing"", ""Mockito"", ""ByteArrayOutputStream"", ""MocksSerializationTest"", ""MockSettings"", ""SimpleSerializationUtil"", ""ObjectInputStream"", ""InvocationOnMock"", ""Class"", ""Matchers"", ""MocksSerializationTest$CustomAnswersMustImplementSerializableForSerializationToWork"", ""ObjectOutputStream"", ""ByteArrayInputStream"", ""IMethods""]","[0.11627906976744186, 0.03453568687643899, 0.025594149908592323, 0.02134959969500572, 0.017437961099932932, 0.015840779853777416, 0.006843065693430657, 0.0025412960609911056]","[6.128860083873428, 2.1845740598618573, 0.6246191346739792, 0.5200152497140679, 0.7813547954393025, 0.37124289195775795, 0.04151459854014598, 0.005082592121982211]"
org.mockito.internal.invocation.InvocationMatcherTest.should_to_string_with_matchers,0.11627906976744186,0.03004386806596623,0.0069881201956673656,0.24035094452772984,0.01404216119457678,0.018724728831584863,0.03490044591689419,6.128860083873428,0.9696205366203713,0.038662486938349006,7.75696429296297,0.12081460259296962,0.24580027505807495,1.960989543540279,"[""Object"", ""RuntimeException"", ""Mockito"", ""Arrays"", ""InvocationImpl"", ""Invocation"", ""Equals"", ""Character"", ""InvocationBuilder"", ""LinkedList"", ""List"", ""InvocationMatcherTest"", ""Class"", ""InvocationMatcher"", ""SerializableMethod""]","[0.11627906976744186, 0.0484178421654594, 0.022672064777327937, 0.013765182186234818, 0.01178318931657502, 0.01044932079414838, 0.009996155324875048, 0.0069881201956673656]","[6.128860083873428, 0.7415173465497522, 0.2663967611336032, 0.2, 0.11036920659858601, 0.038662486938349006, 0.06151480199923107, 0.20964360587002095]"
org.mockito.internal.verification.NoMoreInteractionsTest.noMoreInteractionsInOrderExceptionMessageShouldDescribeMock,0.11627906976744186,0.023823664396246856,0.001718213058419244,0.23823664396246855,0.0069604007298935235,0.01190270116539361,0.03332331127756945,6.128860083873428,0.8233770368709484,0.0028636884306987398,8.233770368709484,0.022233452833502136,0.14658520034645053,1.7834399068658158,"[""VerificationInOrderFailure"", ""Object"", ""RuntimeException"", ""Mockito"", ""Arrays"", ""VerificationDataInOrderImpl"", ""InvocationImpl"", ""Invocation"", ""InvocationBuilder"", ""LinkedList"", ""List"", ""Class"", ""NoMoreInteractions"", ""NoMoreInteractionsTest"", ""SerializableMethod"", ""IMethods""]","[0.11627906976744186, 0.0484178421654594, 0.02134959969500572, 0.01178318931657502, 0.01044932079414838, 0.008675078864353312, 0.007874015748031496, 0.0069881201956673656, 0.004702194357366771, 0.001718213058419244]","[6.128860083873428, 0.7415173465497522, 0.5200152497140679, 0.11036920659858601, 0.038662486938349006, 0.3698738170347003, 0.08897637795275591, 0.20964360587002095, 0.022988505747126436, 0.0028636884306987398]"
org.mockito.internal.verification.OnlyTest.shouldNotMarkAsVerifiedWhenAssertionFailed,0.11627906976744186,0.029466786519255467,0.0069881201956673656,0.23573429215404373,0.013186745577789255,0.017789338496284744,0.035202171963890964,6.128860083873428,0.9760805620692089,0.038662486938349006,7.808644496553671,0.1357527410057644,0.2649472403250653,1.9580843231282485,"[""OnlyTest"", ""Object"", ""RuntimeException"", ""Mockito"", ""Arrays"", ""Invocation"", ""InvocationImpl"", ""InvocationBuilder"", ""LinkedList"", ""Only"", ""SerializableMethod"", ""Class"", ""InvocationMatcher"", ""OnlyTest$VerificationDataStub"", ""List""]","[0.11627906976744186, 0.0484178421654594, 0.022672064777327937, 0.01178318931657502, 0.01044932079414838, 0.01012829169480081, 0.009016393442622951, 0.0069881201956673656]","[6.128860083873428, 0.7415173465497522, 0.2663967611336032, 0.11036920659858601, 0.038662486938349006, 0.11073598919648886, 0.20245901639344263, 0.20964360587002095]"
org.mockito.internal.verification.OnlyTest.shouldMarkAsVerified,0.11627906976744186,0.029466786519255467,0.0069881201956673656,0.23573429215404373,0.013186745577789255,0.017789338496284744,0.035202171963890964,6.128860083873428,0.9760805620692089,0.038662486938349006,7.808644496553671,0.1357527410057644,0.2649472403250653,1.9580843231282485,"[""OnlyTest"", ""Object"", ""RuntimeException"", ""Mockito"", ""Arrays"", ""Invocation"", ""InvocationImpl"", ""List"", ""InvocationBuilder"", ""LinkedList"", ""Only"", ""Class"", ""InvocationMatcher"", ""OnlyTest$VerificationDataStub"", ""SerializableMethod""]","[0.11627906976744186, 0.0484178421654594, 0.022672064777327937, 0.01178318931657502, 0.01044932079414838, 0.01012829169480081, 0.009016393442622951, 0.0069881201956673656]","[6.128860083873428, 0.7415173465497522, 0.2663967611336032, 0.11036920659858601, 0.038662486938349006, 0.11073598919648886, 0.20245901639344263, 0.20964360587002095]"
org.mockitousage.stubbing.BasicStubbingTest.test_stub_only_not_verifiable,0.11627906976744186,0.03903106668214482,0.015840779853777416,0.23418640009286895,0.025513615763683207,0.029907401888833982,0.03502050880434875,6.128860083873428,1.689368652616133,0.3069004956157072,10.136211915696798,0.594238671046688,0.8895538904342339,2.0858277815789914,"[""OngoingStubbing"", ""Mockito"", ""BasicStubbingTest"", ""MockSettings"", ""Matchers"", ""Integer"", ""IMethods""]","[0.11627906976744186, 0.03453568687643899, 0.025594149908592323, 0.02134959969500572, 0.020587113991612657, 0.015840779853777416]","[6.128860083873428, 2.1845740598618573, 0.6246191346739792, 0.5200152497140679, 0.3069004956157072, 0.37124289195775795]"
org.mockito.internal.debugging.LoggingListenerTest.shouldNotLogUnstubbed,0.11627906976744186,0.02597212673314937,0.004319654427645789,0.2337491405983443,0.00928258360458806,0.013775358909183695,0.03450162121274145,6.128860083873428,0.8609190690765277,0.019438444924406047,7.748271621688749,0.07922775959341465,0.18745509777356048,1.8737492774799382,"[""LoggingListenerTest"", ""Object"", ""RuntimeException"", ""Mockito"", ""InvocationImpl"", ""Invocation"", ""InvocationBuilder"", ""LinkedList"", ""SerializableMethod"", ""LoggingListener"", ""Class"", ""InvocationMatcher"", ""List"", ""MockitoLogger""]","[0.11627906976744186, 0.0484178421654594, 0.022672064777327937, 0.01178318931657502, 0.01044932079414838, 0.008308157099697885, 0.0069881201956673656, 0.004531722054380665, 0.004319654427645789]","[6.128860083873428, 0.7415173465497522, 0.2663967611336032, 0.11036920659858601, 0.038662486938349006, 0.12311178247734139, 0.20964360587002095, 0.11027190332326284, 0.019438444924406047]"
org.mockito.internal.debugging.LoggingListenerTest.shouldLogUnstubbed,0.11627906976744186,0.02597212673314937,0.004319654427645789,0.2337491405983443,0.00928258360458806,0.013775358909183695,0.03450162121274145,6.128860083873428,0.8609190690765277,0.019438444924406047,7.748271621688749,0.07922775959341465,0.18745509777356048,1.8737492774799382,"[""LoggingListenerTest"", ""Object"", ""RuntimeException"", ""Mockito"", ""InvocationImpl"", ""Invocation"", ""InvocationBuilder"", ""LinkedList"", ""SerializableMethod"", ""LoggingListener"", ""Class"", ""InvocationMatcher"", ""List"", ""MockitoLogger""]","[0.11627906976744186, 0.0484178421654594, 0.022672064777327937, 0.01178318931657502, 0.01044932079414838, 0.008308157099697885, 0.0069881201956673656, 0.004531722054380665, 0.004319654427645789]","[6.128860083873428, 0.7415173465497522, 0.2663967611336032, 0.11036920659858601, 0.038662486938349006, 0.12311178247734139, 0.20964360587002095, 0.11027190332326284, 0.019438444924406047]"
org.mockito.internal.debugging.LoggingListenerTest.shouldLogDifferentArgs,0.11627906976744186,0.02597212673314937,0.004319654427645789,0.2337491405983443,0.00928258360458806,0.013775358909183695,0.03450162121274145,6.128860083873428,0.8609190690765277,0.019438444924406047,7.748271621688749,0.07922775959341465,0.18745509777356048,1.8737492774799382,"[""LoggingListenerTest"", ""Object"", ""RuntimeException"", ""Mockito"", ""InvocationImpl"", ""Invocation"", ""InvocationBuilder"", ""LinkedList"", ""SerializableMethod"", ""LoggingListener"", ""Class"", ""InvocationMatcher"", ""List"", ""MockitoLogger""]","[0.11627906976744186, 0.0484178421654594, 0.022672064777327937, 0.01178318931657502, 0.01044932079414838, 0.008308157099697885, 0.0069881201956673656, 0.004531722054380665, 0.004319654427645789]","[6.128860083873428, 0.7415173465497522, 0.2663967611336032, 0.11036920659858601, 0.038662486938349006, 0.12311178247734139, 0.20964360587002095, 0.11027190332326284, 0.019438444924406047]"
org.mockito.internal.invocation.InvocationMarkerTest.shouldMarkInvocationAsVerified,0.11627906976744186,0.029216087165805246,0.0069881201956673656,0.23372869732644197,0.01269011440668768,0.017311237312272857,0.03534514450510025,6.128860083873428,0.962969419725774,0.038662486938349006,7.703755357806192,0.12330147876212184,0.24085504271112607,1.96358615609368,"[""Object"", ""RuntimeException"", ""Mockito"", ""Arrays"", ""Invocation"", ""InvocationImpl"", ""InvocationBuilder"", ""LinkedList"", ""InvocationMarkerTest"", ""SerializableMethod"", ""Class"", ""InvocationMatcher"", ""InvocationMarker"", ""List""]","[0.11627906976744186, 0.0484178421654594, 0.022672064777327937, 0.01178318931657502, 0.01044932079414838, 0.008569545154911009, 0.008569545154911009, 0.0069881201956673656]","[6.128860083873428, 0.7415173465497522, 0.2663967611336032, 0.11036920659858601, 0.038662486938349006, 0.08437705998681608, 0.12392880685563612, 0.20964360587002095]"
org.mockitousage.basicapi.MocksSerializationTest.BUG_ISSUE_399_try_some_mocks_with_current_answers,0.11627906976744186,0.033368363323168615,0.0025412960609911056,0.2335785432621803,0.01098141486997161,0.020536112332594485,0.035034144434881294,6.128860083873428,1.5165355439489105,0.005082592121982211,10.615748807642374,0.034168276439026805,0.486082440937251,1.987283023755919,"[""OngoingStubbing"", ""Mockito"", ""ByteArrayOutputStream"", ""MocksSerializationTest"", ""MockSettings"", ""LinkedList"", ""SimpleSerializationUtil"", ""ObjectInputStream"", ""Class"", ""Matchers"", ""Boolean"", ""ObjectOutputStream"", ""ByteArrayInputStream"", ""IMethods""]","[0.11627906976744186, 0.03453568687643899, 0.025594149908592323, 0.02134959969500572, 0.017437961099932932, 0.015840779853777416, 0.0025412960609911056]","[6.128860083873428, 2.1845740598618573, 0.6246191346739792, 0.5200152497140679, 0.7813547954393025, 0.37124289195775795, 0.005082592121982211]"
org.mockitousage.basicapi.MocksSerializationTest.should_serialize_method_calls_using_any_string_matcher,0.11627906976744186,0.033368363323168615,0.0025412960609911056,0.2335785432621803,0.01098141486997161,0.020536112332594485,0.035034144434881294,6.128860083873428,1.5165355439489105,0.005082592121982211,10.615748807642374,0.034168276439026805,0.486082440937251,1.987283023755919,"[""Collections"", ""OngoingStubbing"", ""Mockito"", ""ByteArrayOutputStream"", ""MocksSerializationTest"", ""MockSettings"", ""SimpleSerializationUtil"", ""ObjectInputStream"", ""Class"", ""Matchers"", ""ObjectOutputStream"", ""ByteArrayInputStream"", ""IMethods""]","[0.11627906976744186, 0.03453568687643899, 0.025594149908592323, 0.02134959969500572, 0.017437961099932932, 0.015840779853777416, 0.0025412960609911056]","[6.128860083873428, 2.1845740598618573, 0.6246191346739792, 0.5200152497140679, 0.7813547954393025, 0.37124289195775795, 0.005082592121982211]"
org.mockitousage.basicapi.MocksSerializationTest.should_remember_interactions_for_serialized_mock,0.11627906976744186,0.033368363323168615,0.0025412960609911056,0.2335785432621803,0.01098141486997161,0.020536112332594485,0.035034144434881294,6.128860083873428,1.5165355439489105,0.005082592121982211,10.615748807642374,0.034168276439026805,0.486082440937251,1.987283023755919,"[""Collections"", ""OngoingStubbing"", ""Mockito"", ""ByteArrayOutputStream"", ""MocksSerializationTest"", ""MockSettings"", ""SimpleSerializationUtil"", ""ObjectInputStream"", ""Class"", ""Matchers"", ""ObjectOutputStream"", ""ByteArrayInputStream"", ""IMethods""]","[0.11627906976744186, 0.03453568687643899, 0.025594149908592323, 0.02134959969500572, 0.017437961099932932, 0.015840779853777416, 0.0025412960609911056]","[6.128860083873428, 2.1845740598618573, 0.6246191346739792, 0.5200152497140679, 0.7813547954393025, 0.37124289195775795, 0.005082592121982211]"
org.mockitousage.basicapi.MocksSerializationTest.should_verify_called_n_times_for_serialized_mock,0.11627906976744186,0.033368363323168615,0.0025412960609911056,0.2335785432621803,0.01098141486997161,0.020536112332594485,0.035034144434881294,6.128860083873428,1.5165355439489105,0.005082592121982211,10.615748807642374,0.034168276439026805,0.486082440937251,1.987283023755919,"[""Collections"", ""OngoingStubbing"", ""Mockito"", ""ByteArrayOutputStream"", ""MocksSerializationTest"", ""MockSettings"", ""SimpleSerializationUtil"", ""ObjectInputStream"", ""Class"", ""Matchers"", ""ObjectOutputStream"", ""ByteArrayInputStream"", ""IMethods""]","[0.11627906976744186, 0.03453568687643899, 0.025594149908592323, 0.02134959969500572, 0.017437961099932932, 0.015840779853777416, 0.0025412960609911056]","[6.128860083873428, 2.1845740598618573, 0.6246191346739792, 0.5200152497140679, 0.7813547954393025, 0.37124289195775795, 0.005082592121982211]"
org.mockito.internal.handler.MockHandlerImplTest.should_throw_mockito_exception_when_invocation_handler_throws_anything,0.11627906976744186,0.025773603951643013,0.002819548872180451,0.23196243556478713,0.009288747793633301,0.014556944090946045,0.03326095965852997,6.128860083873428,1.1645719540215043,0.016917293233082706,10.481147586193538,0.08921819307694039,0.345431425326792,1.8627771074262778,"[""MockHandlerImplTest"", ""MockCreationSettings"", ""InvocationListener"", ""Throwable"", ""Mockito"", ""Arrays"", ""BDDMockito"", ""Stubber"", ""MockHandlerImpl"", ""InvocationContainerImpl"", ""BDDMockito$BDDMyOngoingStubbing"", ""Matchers""]","[0.11627906976744186, 0.03453568687643899, 0.02063106796116505, 0.01932367149758454, 0.014450867052023121, 0.01088139281828074, 0.00760043431053203, 0.00544069640914037, 0.002819548872180451]","[6.128860083873428, 2.1845740598618573, 0.3446601941747573, 0.8062265163714439, 0.27528901734104044, 0.43743199129488575, 0.03691639522258415, 0.250272034820457, 0.016917293233082706]"
org.mockito.internal.invocation.InvocationMatcherTest.should_know_if_is_similar_to,0.11627906976744186,0.03290782702897925,0.0069881201956673656,0.23035478920285477,0.014903941595077616,0.020481223654057724,0.03642017178284266,6.128860083873428,1.099349927280534,0.038662486938349006,7.695449490963739,0.14010953462438383,0.299588826799177,2.064024359287848,"[""Object"", ""RuntimeException"", ""Mockito"", ""InvocationImpl"", ""Invocation"", ""List"", ""InvocationBuilder"", ""LinkedList"", ""InvocationMatcherTest"", ""Class"", ""InvocationMatcher"", ""SerializableMethod""]","[0.11627906976744186, 0.0484178421654594, 0.022672064777327937, 0.013765182186234818, 0.01178318931657502, 0.01044932079414838, 0.0069881201956673656]","[6.128860083873428, 0.7415173465497522, 0.2663967611336032, 0.2, 0.11036920659858601, 0.038662486938349006, 0.20964360587002095]"
org.mockito.internal.invocation.InvocationMatcherTest.should_not_be_similar_if_mocks_are_different,0.11627906976744186,0.03290782702897925,0.0069881201956673656,0.23035478920285477,0.014903941595077616,0.020481223654057724,0.03642017178284266,6.128860083873428,1.099349927280534,0.038662486938349006,7.695449490963739,0.14010953462438383,0.299588826799177,2.064024359287848,"[""Object"", ""RuntimeException"", ""Mockito"", ""InvocationImpl"", ""Invocation"", ""List"", ""InvocationBuilder"", ""LinkedList"", ""InvocationMatcherTest"", ""Class"", ""InvocationMatcher"", ""SerializableMethod""]","[0.11627906976744186, 0.0484178421654594, 0.022672064777327937, 0.013765182186234818, 0.01178318931657502, 0.01044932079414838, 0.0069881201956673656]","[6.128860083873428, 0.7415173465497522, 0.2663967611336032, 0.2, 0.11036920659858601, 0.038662486938349006, 0.20964360587002095]"
org.mockito.internal.invocation.InvocationMatcherTest.should_not_be_similar_if_is_overloaded_but_used_with_the_same_arg,0.11627906976744186,0.03290782702897925,0.0069881201956673656,0.23035478920285477,0.014903941595077616,0.020481223654057724,0.03642017178284266,6.128860083873428,1.099349927280534,0.038662486938349006,7.695449490963739,0.14010953462438383,0.299588826799177,2.064024359287848,"[""RuntimeException"", ""InvocationImpl"", ""Invocation"", ""InvocationMatcherTest"", ""List"", ""SerializableMethod"", ""Object"", ""Mockito"", ""InvocationBuilder"", ""LinkedList"", ""Class"", ""InvocationMatcher""]","[0.11627906976744186, 0.0484178421654594, 0.022672064777327937, 0.013765182186234818, 0.01178318931657502, 0.01044932079414838, 0.0069881201956673656]","[6.128860083873428, 0.7415173465497522, 0.2663967611336032, 0.2, 0.11036920659858601, 0.038662486938349006, 0.20964360587002095]"
org.mockito.internal.invocation.InvocationMatcherTest.should_be_similar_if_is_overloaded_but_used_with_different_arg,0.11627906976744186,0.03290782702897925,0.0069881201956673656,0.23035478920285477,0.014903941595077616,0.020481223654057724,0.03642017178284266,6.128860083873428,1.099349927280534,0.038662486938349006,7.695449490963739,0.14010953462438383,0.299588826799177,2.064024359287848,"[""RuntimeException"", ""InvocationImpl"", ""Invocation"", ""InvocationMatcherTest"", ""List"", ""SerializableMethod"", ""Object"", ""Mockito"", ""InvocationBuilder"", ""LinkedList"", ""Class"", ""InvocationMatcher""]","[0.11627906976744186, 0.0484178421654594, 0.022672064777327937, 0.013765182186234818, 0.01178318931657502, 0.01044932079414838, 0.0069881201956673656]","[6.128860083873428, 0.7415173465497522, 0.2663967611336032, 0.2, 0.11036920659858601, 0.038662486938349006, 0.20964360587002095]"
org.mockito.internal.invocation.InvocationMatcherTest.should_create_from_invocations,0.11627906976744186,0.03290782702897925,0.0069881201956673656,0.23035478920285477,0.014903941595077616,0.020481223654057724,0.03642017178284266,6.128860083873428,1.099349927280534,0.038662486938349006,7.695449490963739,0.14010953462438383,0.299588826799177,2.064024359287848,"[""Object"", ""RuntimeException"", ""Mockito"", ""Arrays"", ""InvocationImpl"", ""Invocation"", ""InvocationBuilder"", ""LinkedList"", ""SerializableMethod"", ""InvocationMatcherTest"", ""Class"", ""InvocationMatcher"", ""List""]","[0.11627906976744186, 0.0484178421654594, 0.022672064777327937, 0.013765182186234818, 0.01178318931657502, 0.01044932079414838, 0.0069881201956673656]","[6.128860083873428, 0.7415173465497522, 0.2663967611336032, 0.2, 0.11036920659858601, 0.038662486938349006, 0.20964360587002095]"
org.mockito.internal.invocation.InvocationMatcherTest.should_not_equal_if_number_of_arguments_differ,0.11627906976744186,0.03290782702897925,0.0069881201956673656,0.23035478920285477,0.014903941595077616,0.020481223654057724,0.03642017178284266,6.128860083873428,1.099349927280534,0.038662486938349006,7.695449490963739,0.14010953462438383,0.299588826799177,2.064024359287848,"[""Object"", ""RuntimeException"", ""Mockito"", ""InvocationImpl"", ""Invocation"", ""List"", ""InvocationBuilder"", ""LinkedList"", ""InvocationMatcherTest"", ""Class"", ""InvocationMatcher"", ""Integer"", ""SerializableMethod""]","[0.11627906976744186, 0.0484178421654594, 0.022672064777327937, 0.013765182186234818, 0.01178318931657502, 0.01044932079414838, 0.0069881201956673656]","[6.128860083873428, 0.7415173465497522, 0.2663967611336032, 0.2, 0.11036920659858601, 0.038662486938349006, 0.20964360587002095]"
org.mockito.internal.invocation.InvocationMatcherTest.should_not_be_similar_to_verified_invocation,0.11627906976744186,0.03290782702897925,0.0069881201956673656,0.23035478920285477,0.014903941595077616,0.020481223654057724,0.03642017178284266,6.128860083873428,1.099349927280534,0.038662486938349006,7.695449490963739,0.14010953462438383,0.299588826799177,2.064024359287848,"[""Object"", ""RuntimeException"", ""Mockito"", ""InvocationImpl"", ""Invocation"", ""List"", ""InvocationBuilder"", ""LinkedList"", ""InvocationMatcherTest"", ""Class"", ""InvocationMatcher"", ""SerializableMethod""]","[0.11627906976744186, 0.0484178421654594, 0.022672064777327937, 0.013765182186234818, 0.01178318931657502, 0.01044932079414838, 0.0069881201956673656]","[6.128860083873428, 0.7415173465497522, 0.2663967611336032, 0.2, 0.11036920659858601, 0.038662486938349006, 0.20964360587002095]"
org.mockito.internal.invocation.InvocationMatcherTest.should_be_a_citizen_of_hashes,0.11627906976744186,0.03290782702897925,0.0069881201956673656,0.23035478920285477,0.014903941595077616,0.020481223654057724,0.03642017178284266,6.128860083873428,1.099349927280534,0.038662486938349006,7.695449490963739,0.14010953462438383,0.299588826799177,2.064024359287848,"[""Object"", ""RuntimeException"", ""Map"", ""Mockito"", ""InvocationImpl"", ""Invocation"", ""List"", ""InvocationBuilder"", ""LinkedList"", ""HashMap"", ""InvocationMatcherTest"", ""Class"", ""InvocationMatcher"", ""SerializableMethod""]","[0.11627906976744186, 0.0484178421654594, 0.022672064777327937, 0.013765182186234818, 0.01178318931657502, 0.01044932079414838, 0.0069881201956673656]","[6.128860083873428, 0.7415173465497522, 0.2663967611336032, 0.2, 0.11036920659858601, 0.038662486938349006, 0.20964360587002095]"
org.mockito.internal.invocation.ArgumentsComparatorTest.shouldKnowWhenActualArgsSizeIsDifferent,0.11627906976744186,0.028772070442294885,0.006114130434782609,0.23017656353835908,0.011520719239715586,0.016314212463409562,0.03561349310130759,6.128860083873428,0.9961193657182935,0.038662486938349006,7.968954925746348,0.14394493404021244,0.28873683676591566,1.9505876658619066,"[""RuntimeException"", ""InvocationImpl"", ""Invocation"", ""ArgumentsComparatorTest"", ""Integer"", ""List"", ""SerializableMethod"", ""ArgumentsComparator"", ""Object"", ""Mockito"", ""InvocationBuilder"", ""LinkedList"", ""Class"", ""InvocationMatcher""]","[0.11627906976744186, 0.0484178421654594, 0.022672064777327937, 0.01178318931657502, 0.01044932079414838, 0.007472826086956522, 0.0069881201956673656, 0.006114130434782609]","[6.128860083873428, 0.7415173465497522, 0.2663967611336032, 0.11036920659858601, 0.038662486938349006, 0.1297554347826087, 0.20964360587002095, 0.34375]"
org.mockito.internal.invocation.ArgumentsComparatorTest.shouldKnowWhenArgsDifferent,0.11627906976744186,0.028772070442294885,0.006114130434782609,0.23017656353835908,0.011520719239715586,0.016314212463409562,0.03561349310130759,6.128860083873428,0.9961193657182935,0.038662486938349006,7.968954925746348,0.14394493404021244,0.28873683676591566,1.9505876658619066,"[""RuntimeException"", ""InvocationImpl"", ""Invocation"", ""ArgumentsComparatorTest"", ""Integer"", ""List"", ""SerializableMethod"", ""ArgumentsComparator"", ""Object"", ""Mockito"", ""InvocationBuilder"", ""LinkedList"", ""Class"", ""InvocationMatcher""]","[0.11627906976744186, 0.0484178421654594, 0.022672064777327937, 0.01178318931657502, 0.01044932079414838, 0.007472826086956522, 0.0069881201956673656, 0.006114130434782609]","[6.128860083873428, 0.7415173465497522, 0.2663967611336032, 0.11036920659858601, 0.038662486938349006, 0.1297554347826087, 0.20964360587002095, 0.34375]"
org.mockito.internal.invocation.ArgumentsComparatorTest.shouldKnowWhenArgumentsMatch,0.11627906976744186,0.028772070442294885,0.006114130434782609,0.23017656353835908,0.011520719239715586,0.016314212463409562,0.03561349310130759,6.128860083873428,0.9961193657182935,0.038662486938349006,7.968954925746348,0.14394493404021244,0.28873683676591566,1.9505876658619066,"[""RuntimeException"", ""InvocationImpl"", ""Invocation"", ""ArgumentsComparatorTest"", ""Integer"", ""List"", ""SerializableMethod"", ""ArgumentsComparator"", ""Object"", ""Mockito"", ""InvocationBuilder"", ""LinkedList"", ""Class"", ""InvocationMatcher""]","[0.11627906976744186, 0.0484178421654594, 0.022672064777327937, 0.01178318931657502, 0.01044932079414838, 0.007472826086956522, 0.0069881201956673656, 0.006114130434782609]","[6.128860083873428, 0.7415173465497522, 0.2663967611336032, 0.11036920659858601, 0.038662486938349006, 0.1297554347826087, 0.20964360587002095, 0.34375]"
org.mockito.internal.invocation.ArgumentsComparatorTest.shouldKnowWhenMatchersSizeIsDifferent,0.11627906976744186,0.028772070442294885,0.006114130434782609,0.23017656353835908,0.011520719239715586,0.016314212463409562,0.03561349310130759,6.128860083873428,0.9961193657182935,0.038662486938349006,7.968954925746348,0.14394493404021244,0.28873683676591566,1.9505876658619066,"[""RuntimeException"", ""InvocationImpl"", ""Invocation"", ""ArgumentsComparatorTest"", ""Integer"", ""List"", ""SerializableMethod"", ""ArgumentsComparator"", ""Object"", ""Mockito"", ""InvocationBuilder"", ""LinkedList"", ""Class"", ""InvocationMatcher""]","[0.11627906976744186, 0.0484178421654594, 0.022672064777327937, 0.01178318931657502, 0.01044932079414838, 0.007472826086956522, 0.0069881201956673656, 0.006114130434782609]","[6.128860083873428, 0.7415173465497522, 0.2663967611336032, 0.11036920659858601, 0.038662486938349006, 0.1297554347826087, 0.20964360587002095, 0.34375]"
org.mockito.internal.verification.VerificationDataImplTest.shouldToStringBeNotVerifiable,0.11627906976744186,0.028691688525044556,0.0052238805970149255,0.22953350820035645,0.011142227986560078,0.016061648951822494,0.035667179292755535,6.128860083873428,0.9557455198753568,0.038662486938349006,7.645964159002855,0.11018224707960976,0.22198536577758027,1.966772029171937,"[""VerificationDataImpl"", ""VerificationDataImplTest"", ""Object"", ""RuntimeException"", ""Mockito"", ""InvocationImpl"", ""Invocation"", ""InvocationBuilder"", ""LinkedList"", ""SerializableMethod"", ""Class"", ""InvocationMatcher"", ""List""]","[0.11627906976744186, 0.0484178421654594, 0.022672064777327937, 0.01178318931657502, 0.01044932079414838, 0.007720020586721565, 0.0069881201956673656, 0.0052238805970149255]","[6.128860083873428, 0.7415173465497522, 0.2663967611336032, 0.11036920659858601, 0.038662486938349006, 0.09006690684508492, 0.20964360587002095, 0.06044776119402985]"
org.mockito.internal.stubbing.answers.AnswersValidatorTest.should_validate_null_throwable,0.11627906976744186,0.028370720019188785,0.0069881201956673656,0.22696576015351028,0.012639089983819962,0.016758112090579747,0.035524313148160916,6.128860083873428,0.997884233008473,0.038662486938349006,7.983073864067784,0.13279586649896885,0.2764649712500006,1.9510628446406444,"[""ThrowsException"", ""Object"", ""AnswersValidator"", ""RuntimeException"", ""InvocationImpl"", ""Mockito"", ""Invocation"", ""List"", ""InvocationBuilder"", ""LinkedList"", ""AnswersValidatorTest"", ""Class"", ""SerializableMethod""]","[0.11627906976744186, 0.0484178421654594, 0.012470023980815348, 0.011990407673860911, 0.01178318931657502, 0.01044932079414838, 0.008587786259541985, 0.0069881201956673656]","[6.128860083873428, 0.7415173465497522, 0.2517985611510791, 0.4235011990407674, 0.11036920659858601, 0.038662486938349006, 0.07872137404580153, 0.20964360587002095]"
org.mockito.internal.configuration.plugins.PluginFinderTest.multiple_implementations_only_one_useful,0.11627906976744186,0.0322777002550368,0.009478672985781991,0.22594390178525758,0.01668869314113051,0.021516221281191267,0.03531945413577605,6.128860083873428,1.3382386254858447,0.03349282296650718,9.367670378400913,0.11482031600893065,0.35494413143134657,2.074433314262013,"[""URI"", ""OngoingStubbing"", ""Mockito"", ""Arrays"", ""PluginFinder"", ""TemporaryFolder"", ""IOUtil"", ""File"", ""PluginFinderTest"", ""Matchers"", ""Boolean"", ""PluginSwitch""]","[0.11627906976744186, 0.03453568687643899, 0.026022304832713755, 0.015840779853777416, 0.014218009478672985, 0.009569377990430622, 0.009478672985781991]","[6.128860083873428, 2.1845740598618573, 0.275092936802974, 0.37124289195775795, 0.32701421800947866, 0.03349282296650718, 0.04739336492890995]"
org.mockito.internal.configuration.plugins.PluginFinderTest.multiple_empty_implementations,0.11627906976744186,0.0322777002550368,0.009478672985781991,0.22594390178525758,0.01668869314113051,0.021516221281191267,0.03531945413577605,6.128860083873428,1.3382386254858447,0.03349282296650718,9.367670378400913,0.11482031600893065,0.35494413143134657,2.074433314262013,"[""URI"", ""OngoingStubbing"", ""Mockito"", ""Arrays"", ""PluginFinder"", ""TemporaryFolder"", ""IOUtil"", ""File"", ""PluginFinderTest"", ""Matchers"", ""Boolean"", ""PluginSwitch""]","[0.11627906976744186, 0.03453568687643899, 0.026022304832713755, 0.015840779853777416, 0.014218009478672985, 0.009569377990430622, 0.009478672985781991]","[6.128860083873428, 2.1845740598618573, 0.275092936802974, 0.37124289195775795, 0.32701421800947866, 0.03349282296650718, 0.04739336492890995]"
org.mockito.internal.stubbing.answers.AnswersValidatorTest.should_allow_correct_type_of_return_value,0.11627906976744186,0.028132170400868173,0.006679389312977099,0.2250573632069454,0.01200792276655496,0.01623985070117514,0.03566249554765702,6.128860083873428,0.9975860459855722,0.038662486938349006,7.980688367884578,0.13192653765293857,0.27540360309618145,1.9512034776052183,"[""Object"", ""AnswersValidator"", ""Integer"", ""Mockito"", ""RuntimeException"", ""InvocationImpl"", ""Invocation"", ""List"", ""InvocationBuilder"", ""LinkedList"", ""SerializableMethod"", ""AnswersValidatorTest"", ""Class"", ""Boolean"", ""Long"", ""Returns""]","[0.11627906976744186, 0.0484178421654594, 0.012470023980815348, 0.011990407673860911, 0.01178318931657502, 0.01044932079414838, 0.0069881201956673656, 0.006679389312977099]","[6.128860083873428, 0.7415173465497522, 0.2517985611510791, 0.4235011990407674, 0.11036920659858601, 0.038662486938349006, 0.20964360587002095, 0.07633587786259542]"
org.mockito.internal.verification.checkers.MissingInvocationInOrderCheckerTest.shouldPassWhenMatchingInteractionFound,0.11627906976744186,0.024927743425345206,0.005751848808545604,0.22434969082810685,0.010064992295163066,0.013544002778210863,0.034652530169416565,6.128860083873428,0.8264189283105935,0.024628014366341714,7.437770354795341,0.06159926558338404,0.135643914856608,1.8867437388860508,"[""Object"", ""RuntimeException"", ""MissingInvocationInOrderCheckerTest"", ""Mockito"", ""InvocationImpl"", ""Invocation"", ""InvocationBuilder"", ""LinkedList"", ""SerializableMethod"", ""VerificationModeBuilder"", ""MissingInvocationInOrderChecker"", ""Class"", ""Integer"", ""VerificationModeFactory"", ""List""]","[0.11627906976744186, 0.0484178421654594, 0.01178318931657502, 0.01044932079414838, 0.009264024704065878, 0.007720020586721565, 0.007696254489481785, 0.0069881201956673656, 0.005751848808545604]","[6.128860083873428, 0.7415173465497522, 0.11036920659858601, 0.038662486938349006, 0.09933093154915079, 0.05764282038085435, 0.024628014366341714, 0.20964360587002095, 0.027115858668857847]"
org.mockito.internal.verification.NoMoreInteractionsTest.shouldVerifyInOrder,0.11627906976744186,0.024870027614653137,0.004702194357366771,0.22383024853187825,0.009747494941091731,0.013350840658301256,0.03468861264077333,6.128860083873428,0.8638523286804194,0.022988505747126436,7.7746709581237745,0.07872040037180948,0.1797785427643832,1.8739012371125983,"[""Object"", ""RuntimeException"", ""Mockito"", ""Arrays"", ""VerificationDataInOrderImpl"", ""InvocationImpl"", ""Invocation"", ""InvocationBuilder"", ""LinkedList"", ""List"", ""InOrderContextImpl"", ""Class"", ""NoMoreInteractions"", ""NoMoreInteractionsTest"", ""SerializableMethod""]","[0.11627906976744186, 0.0484178421654594, 0.01178318931657502, 0.01044932079414838, 0.008675078864353312, 0.008661417322834646, 0.007874015748031496, 0.0069881201956673656, 0.004702194357366771]","[6.128860083873428, 0.7415173465497522, 0.11036920659858601, 0.038662486938349006, 0.3698738170347003, 0.06377952755905512, 0.08897637795275591, 0.20964360587002095, 0.022988505747126436]"
org.mockito.internal.verification.NoMoreInteractionsTest.shouldVerifyInOrderMultipleInvoctions,0.11627906976744186,0.024870027614653137,0.004702194357366771,0.22383024853187825,0.009747494941091731,0.013350840658301256,0.03468861264077333,6.128860083873428,0.8638523286804194,0.022988505747126436,7.7746709581237745,0.07872040037180948,0.1797785427643832,1.8739012371125983,"[""Object"", ""RuntimeException"", ""Mockito"", ""Arrays"", ""VerificationDataInOrderImpl"", ""InvocationImpl"", ""Invocation"", ""InvocationBuilder"", ""LinkedList"", ""List"", ""InOrderContextImpl"", ""Class"", ""NoMoreInteractions"", ""NoMoreInteractionsTest"", ""SerializableMethod""]","[0.11627906976744186, 0.0484178421654594, 0.01178318931657502, 0.01044932079414838, 0.008675078864353312, 0.008661417322834646, 0.007874015748031496, 0.0069881201956673656, 0.004702194357366771]","[6.128860083873428, 0.7415173465497522, 0.11036920659858601, 0.038662486938349006, 0.3698738170347003, 0.06377952755905512, 0.08897637795275591, 0.20964360587002095, 0.022988505747126436]"
org.mockito.internal.verification.NoMoreInteractionsTest.shouldVerifyInOrderAndPass,0.11627906976744186,0.024870027614653137,0.004702194357366771,0.22383024853187825,0.009747494941091731,0.013350840658301256,0.03468861264077333,6.128860083873428,0.8638523286804194,0.022988505747126436,7.7746709581237745,0.07872040037180948,0.1797785427643832,1.8739012371125983,"[""Object"", ""RuntimeException"", ""Mockito"", ""Arrays"", ""VerificationDataInOrderImpl"", ""InvocationImpl"", ""Invocation"", ""InvocationBuilder"", ""LinkedList"", ""List"", ""InOrderContextImpl"", ""Class"", ""NoMoreInteractions"", ""NoMoreInteractionsTest"", ""SerializableMethod""]","[0.11627906976744186, 0.0484178421654594, 0.01178318931657502, 0.01044932079414838, 0.008675078864353312, 0.008661417322834646, 0.007874015748031496, 0.0069881201956673656, 0.004702194357366771]","[6.128860083873428, 0.7415173465497522, 0.11036920659858601, 0.038662486938349006, 0.3698738170347003, 0.06377952755905512, 0.08897637795275591, 0.20964360587002095, 0.022988505747126436]"
org.mockito.verification.TimeoutTest.should_pass_when_verification_passes,0.11627906976744186,0.027907687969357074,0.0055579307396323215,0.2232615037548566,0.014554042973136417,0.018596168824107515,0.03366497033907851,6.128860083873428,1.0089866856472105,0.040188114578879865,8.071893485177684,0.1622418415474723,0.32563785672685464,1.9408263697501191,"[""Timer"", ""OngoingStubbing"", ""Mockito"", ""TimeoutTest"", ""Stubber"", ""VerificationMode"", ""Boolean"", ""Timeout"", ""InOrder""]","[0.11627906976744186, 0.02063106796116505, 0.019123505976095617, 0.016733067729083666, 0.015840779853777416, 0.014742014742014743, 0.014354066985645933, 0.0055579307396323215]","[6.128860083873428, 0.3446601941747573, 0.37290836653386455, 0.5258964143426295, 0.37124289195775795, 0.16134316134316135, 0.12679425837320574, 0.040188114578879865]"
org.mockito.internal.stubbing.answers.AnswersValidatorTest.should_allow_void_return_for_void_method,0.11627906976744186,0.02784256908284395,0.004362578768783325,0.2227405526627516,0.01072767509959166,0.015397770695759296,0.0358444720773949,6.128860083873428,0.9918613176754332,0.030538051381483276,7.934890541403465,0.09964397158803634,0.24560301562175357,1.9539632116431003,"[""Object"", ""AnswersValidator"", ""RuntimeException"", ""Mockito"", ""InvocationImpl"", ""Invocation"", ""List"", ""InvocationBuilder"", ""LinkedList"", ""DoesNothing"", ""AnswersValidatorTest"", ""Class"", ""SerializableMethod""]","[0.11627906976744186, 0.0484178421654594, 0.012470023980815348, 0.011990407673860911, 0.01178318931657502, 0.01044932079414838, 0.0069881201956673656, 0.004362578768783325]","[6.128860083873428, 0.7415173465497522, 0.2517985611510791, 0.4235011990407674, 0.11036920659858601, 0.038662486938349006, 0.20964360587002095, 0.030538051381483276]"
org.mockito.internal.stubbing.answers.AnswersValidatorTest.should_allow_possible_argument_types,0.11627906976744186,0.027834881145348187,0.004301075268817204,0.2226790491627855,0.010680729375429092,0.01537046718152627,0.03584951349228738,6.128860083873428,1.0024257816828552,0.038662486938349006,8.019406253462842,0.14226927239900022,0.2898952727072218,1.9489591472528225,"[""Object"", ""AnswersValidator"", ""ReturnsArgumentAt"", ""Mockito"", ""RuntimeException"", ""InvocationImpl"", ""Invocation"", ""List"", ""InvocationBuilder"", ""LinkedList"", ""Arrays"", ""AnswersValidatorTest"", ""Class"", ""Integer"", ""SerializableMethod""]","[0.11627906976744186, 0.0484178421654594, 0.012470023980815348, 0.011990407673860911, 0.01178318931657502, 0.01044932079414838, 0.0069881201956673656, 0.004301075268817204]","[6.128860083873428, 0.7415173465497522, 0.2517985611510791, 0.4235011990407674, 0.11036920659858601, 0.038662486938349006, 0.20964360587002095, 0.11505376344086021]"
org.mockito.internal.debugging.WarningsFinderTest.shouldPrintUnusedStub,0.11627906976744186,0.027536677890163834,0.0069881201956673656,0.22029342312131067,0.011456546304936376,0.015442455343751934,0.03593462558133961,6.128860083873428,0.9433926164617745,0.038662486938349006,7.547140931694196,0.10591924368797591,0.20962754751839252,1.9713162703752694,"[""Object"", ""RuntimeException"", ""Mockito"", ""Arrays"", ""FindingsListener"", ""InvocationImpl"", ""Invocation"", ""InvocationBuilder"", ""LinkedList"", ""List"", ""WarningsFinder"", ""Class"", ""WarningsFinderTest"", ""SerializableMethod""]","[0.11627906976744186, 0.0484178421654594, 0.01178318931657502, 0.01044932079414838, 0.009789156626506024, 0.009056603773584906, 0.007530120481927711, 0.0069881201956673656]","[6.128860083873428, 0.7415173465497522, 0.11036920659858601, 0.038662486938349006, 0.12575301204819278, 0.14037735849056604, 0.051957831325301206, 0.20964360587002095]"
org.mockito.internal.verification.checkers.NumberOfInvocationsInOrderCheckerTest.shouldMarkAsVerifiedInOrder,0.11627906976744186,0.027505859232470863,0.0069881201956673656,0.2200468738597669,0.01129955264240852,0.01533314847048504,0.035958727265811986,6.128860083873428,0.9315166196570843,0.038662486938349006,7.452132957256675,0.09434963712705263,0.18687830966374216,1.976312403887502,"[""Object"", ""RuntimeException"", ""Mockito"", ""Arrays"", ""InvocationImpl"", ""Invocation"", ""InvocationBuilder"", ""LinkedList"", ""NumberOfInvocationsInOrderCheckerTest"", ""SerializableMethod"", ""NumberOfInvocationsInOrderChecker"", ""Class"", ""InOrderContext"", ""List""]","[0.11627906976744186, 0.0484178421654594, 0.01178318931657502, 0.01080802882141019, 0.01044932079414838, 0.008234688625836336, 0.007086614173228346, 0.0069881201956673656]","[6.128860083873428, 0.7415173465497522, 0.11036920659858601, 0.07050952135872363, 0.038662486938349006, 0.10138960370560988, 0.051181102362204724, 0.20964360587002095]"
org.mockitousage.debugging.VerboseLoggingOfInvocationsOnMockTest.shouldPrintThrowingInvocationOnMockToStdOut,0.11627906976744186,0.03127350778872385,0.00362844702467344,0.21891455452106692,0.010460136582726657,0.017354639814235618,0.03642647628929791,6.128860083873428,1.2246287813178,0.018867924528301886,8.5724014692246,0.08760857074408489,0.34479226109349287,2.0233480893275657,"[""MockName"", ""Object"", ""RuntimeException"", ""MockUtil"", ""Mockito"", ""ByteArrayOutputStream"", ""Stubber"", ""MockSettings"", ""Foo"", ""VerboseLoggingOfInvocationsOnMockTest$ThirdPartyException"", ""Class"", ""VerboseLoggingOfInvocationsOnMockTest""]","[0.11627906976744186, 0.03736179946626001, 0.025594149908592323, 0.02063106796116505, 0.009285051067780872, 0.006134969325153374, 0.00362844702467344]","[6.128860083873428, 0.48189096454441477, 0.6246191346739792, 0.3446601941747573, 0.9210770659238626, 0.05242610150585611, 0.018867924528301886]"
org.mockitousage.debugging.VerboseLoggingOfInvocationsOnMockTest.shouldPrintStubbedInvocationOnMockToStdOut,0.11627906976744186,0.031086736865355204,0.00362844702467344,0.21760715805748643,0.010409127256891497,0.0171930878065808,0.03648387139200904,6.128860083873428,1.2905668273458981,0.018867924528301886,9.033967791421286,0.08946853583257647,0.3892971430238954,2.0009941598277834,"[""MockName"", ""Object"", ""MockUtil"", ""Mockito"", ""ByteArrayOutputStream"", ""BDDMockito"", ""MockSettings"", ""Foo"", ""BDDMockito$BDDMyOngoingStubbing"", ""Class"", ""VerboseLoggingOfInvocationsOnMockTest""]","[0.11627906976744186, 0.03736179946626001, 0.025594149908592323, 0.01932367149758454, 0.009285051067780872, 0.006134969325153374, 0.00362844702467344]","[6.128860083873428, 0.48189096454441477, 0.6246191346739792, 0.8062265163714439, 0.9210770659238626, 0.05242610150585611, 0.018867924528301886]"
org.mockito.MockingDetailsTest.should_provide_invocations,0.11627906976744186,0.04347263130930286,0.012,0.21736315654651428,0.022798072018647687,0.03034780091914505,0.038604311563393584,6.128860083873428,1.5998051699616884,0.229,7.999025849808442,0.4688405083557662,0.7215833094612458,2.2716405045457515,"[""String"", ""ArrayList"", ""Mockito"", ""Invocation"", ""Collection"", ""MockingDetailsTest"", ""MockingDetails"", ""MockitoCore"", ""Method"", ""Iterator"", ""MockingDetailsTest$1"", ""List""]","[0.11627906976744186, 0.0484178421654594, 0.026026604973973393, 0.01463963963963964, 0.012]","[6.128860083873428, 0.7415173465497522, 0.5696934644303066, 0.32995495495495497, 0.229]"
org.mockitousage.debugging.VerboseLoggingOfInvocationsOnMockTest.shouldPrintRealInvocationOnSpyToStdOut,0.11627906976744186,0.03588101791606558,0.006134969325153374,0.2152861074963935,0.015243618831450654,0.022526725874707942,0.0374089849766383,6.128860083873428,1.4255889241160498,0.05242610150585611,8.553533544696299,0.2230412102530897,0.5595811450819927,2.119803187262592,"[""MockName"", ""VerboseLoggingOfInvocationsOnMockTest$FooImpl"", ""Object"", ""MockUtil"", ""Mockito"", ""ByteArrayOutputStream"", ""Stubber"", ""MockSettings"", ""Class"", ""VerboseLoggingOfInvocationsOnMockTest""]","[0.11627906976744186, 0.03736179946626001, 0.025594149908592323, 0.02063106796116505, 0.009285051067780872, 0.006134969325153374]","[6.128860083873428, 0.48189096454441477, 0.6246191346739792, 0.3446601941747573, 0.9210770659238626, 0.05242610150585611]"
org.mockito.internal.verification.NoMoreInteractionsTest.shouldVerifyInOrderMultipleInvoctionsAndThrow,0.11627906976744186,0.026896103901130453,0.004702194357366771,0.21516883120904362,0.009902710769605555,0.01409284153867704,0.036287290636553324,6.128860083873428,0.9638614288205899,0.022988505747126436,7.710891430564719,0.08109504712607785,0.20464207255894198,1.964797113256486,"[""Object"", ""RuntimeException"", ""Mockito"", ""Arrays"", ""VerificationDataInOrderImpl"", ""InvocationImpl"", ""Invocation"", ""InvocationBuilder"", ""LinkedList"", ""List"", ""Class"", ""NoMoreInteractions"", ""NoMoreInteractionsTest"", ""SerializableMethod""]","[0.11627906976744186, 0.0484178421654594, 0.01178318931657502, 0.01044932079414838, 0.008675078864353312, 0.007874015748031496, 0.0069881201956673656, 0.004702194357366771]","[6.128860083873428, 0.7415173465497522, 0.11036920659858601, 0.038662486938349006, 0.3698738170347003, 0.08897637795275591, 0.20964360587002095, 0.022988505747126436]"
org.mockito.internal.verification.checkers.NumberOfInvocationsInOrderCheckerTest.shouldReportTooManyInvocations,0.11627906976744186,0.02683480909311972,0.001718213058419244,0.21467847274495777,0.006963294181543296,0.012844320070642571,0.03638113383456613,6.128860083873428,0.925476942915646,0.0028636884306987398,7.403815543325168,0.019302572126590447,0.1303274546434172,1.9790654222441761,"[""VerificationInOrderFailure"", ""Object"", ""RuntimeException"", ""Mockito"", ""Arrays"", ""InvocationImpl"", ""Invocation"", ""InvocationBuilder"", ""LinkedList"", ""NumberOfInvocationsInOrderCheckerTest"", ""SerializableMethod"", ""NumberOfInvocationsInOrderChecker"", ""Class"", ""List""]","[0.11627906976744186, 0.0484178421654594, 0.01178318931657502, 0.01080802882141019, 0.01044932079414838, 0.008234688625836336, 0.0069881201956673656, 0.001718213058419244]","[6.128860083873428, 0.7415173465497522, 0.11036920659858601, 0.07050952135872363, 0.038662486938349006, 0.10138960370560988, 0.20964360587002095, 0.0028636884306987398]"
org.mockito.internal.verification.checkers.NumberOfInvocationsInOrderCheckerTest.shouldReportTooLittleInvocations,0.11627906976744186,0.02683480909311972,0.001718213058419244,0.21467847274495777,0.006963294181543296,0.012844320070642571,0.03638113383456613,6.128860083873428,0.925476942915646,0.0028636884306987398,7.403815543325168,0.019302572126590447,0.1303274546434172,1.9790654222441761,"[""VerificationInOrderFailure"", ""Object"", ""RuntimeException"", ""Mockito"", ""Arrays"", ""InvocationImpl"", ""Invocation"", ""InvocationBuilder"", ""LinkedList"", ""NumberOfInvocationsInOrderCheckerTest"", ""SerializableMethod"", ""NumberOfInvocationsInOrderChecker"", ""Class"", ""List""]","[0.11627906976744186, 0.0484178421654594, 0.01178318931657502, 0.01080802882141019, 0.01044932079414838, 0.008234688625836336, 0.0069881201956673656, 0.001718213058419244]","[6.128860083873428, 0.7415173465497522, 0.11036920659858601, 0.07050952135872363, 0.038662486938349006, 0.10138960370560988, 0.20964360587002095, 0.0028636884306987398]"
org.mockito.internal.invocation.InvocationMarkerTest.shouldCaptureArguments,0.11627906976744186,0.026794076431856134,0.0032959789057350032,0.21435261145484907,0.008991746219626987,0.013603159137010568,0.0363598896724146,6.128860083873428,0.9331306024350954,0.027686222808174028,7.465044819480763,0.08226485787515884,0.18148786412693277,1.9757208522720835,"[""Object"", ""RuntimeException"", ""Mockito"", ""Arrays"", ""InvocationImpl"", ""Invocation"", ""InvocationMarkerTest$1"", ""InvocationBuilder"", ""LinkedList"", ""List"", ""InvocationMarkerTest"", ""Class"", ""InvocationMarker"", ""ObjectBox"", ""SerializableMethod""]","[0.11627906976744186, 0.0484178421654594, 0.01178318931657502, 0.01044932079414838, 0.008569545154911009, 0.008569545154911009, 0.0069881201956673656, 0.0032959789057350032]","[6.128860083873428, 0.7415173465497522, 0.11036920659858601, 0.038662486938349006, 0.08437705998681608, 0.12392880685563612, 0.20964360587002095, 0.027686222808174028]"
org.mockito.internal.verification.checkers.NumberOfInvocationsCheckerTest.shouldMarkInvocationsAsVerified,0.11627906976744186,0.0304964182465219,0.0069881201956673656,0.2134749277256533,0.012544473419427313,0.01729005806623968,0.03749958082467397,6.128860083873428,1.0683074372516692,0.038662486938349006,7.478152060761684,0.11280293870985467,0.24197777237950846,2.077759397779316,"[""Object"", ""RuntimeException"", ""Mockito"", ""NumberOfInvocationsChecker"", ""Invocation"", ""InvocationImpl"", ""InvocationBuilder"", ""LinkedList"", ""NumberOfInvocationsCheckerTest"", ""SerializableMethod"", ""Class"", ""List""]","[0.11627906976744186, 0.0484178421654594, 0.01178318931657502, 0.01044932079414838, 0.010293360782295419, 0.009264024704065878, 0.0069881201956673656]","[6.128860083873428, 0.7415173465497522, 0.11036920659858601, 0.038662486938349006, 0.184251158003088, 0.06484817292846114, 0.20964360587002095]"
org.mockito.internal.verification.checkers.MissingInvocationCheckerTest.shouldAskFinderForActualInvocations,0.11627906976744186,0.030422894240934077,0.0069881201956673656,0.21296025968653853,0.012430570550669312,0.017163826257390657,0.03753960330267788,6.128860083873428,1.0554407362737999,0.038662486938349006,7.388085153916599,0.10261661536500095,0.21871242644007666,2.0834802294249792,"[""Object"", ""RuntimeException"", ""InvocationImpl"", ""MissingInvocationChecker"", ""Invocation"", ""Mockito"", ""InvocationBuilder"", ""LinkedList"", ""SerializableMethod"", ""Class"", ""MissingInvocationCheckerTest"", ""List""]","[0.11627906976744186, 0.0484178421654594, 0.01178318931657502, 0.01044932079414838, 0.00977869274318065, 0.009264024704065878, 0.0069881201956673656]","[6.128860083873428, 0.7415173465497522, 0.11036920659858601, 0.038662486938349006, 0.05867215645908389, 0.10036026762738035, 0.20964360587002095]"
org.mockito.internal.verification.checkers.MissingInvocationCheckerTest.shouldPassBecauseActualInvocationFound,0.11627906976744186,0.030422894240934077,0.0069881201956673656,0.21296025968653853,0.012430570550669312,0.017163826257390657,0.03753960330267788,6.128860083873428,1.0554407362737999,0.038662486938349006,7.388085153916599,0.10261661536500095,0.21871242644007666,2.0834802294249792,"[""Object"", ""RuntimeException"", ""InvocationImpl"", ""MissingInvocationChecker"", ""Invocation"", ""Mockito"", ""InvocationBuilder"", ""LinkedList"", ""SerializableMethod"", ""Class"", ""MissingInvocationCheckerTest"", ""List""]","[0.11627906976744186, 0.0484178421654594, 0.01178318931657502, 0.01044932079414838, 0.00977869274318065, 0.009264024704065878, 0.0069881201956673656]","[6.128860083873428, 0.7415173465497522, 0.11036920659858601, 0.038662486938349006, 0.05867215645908389, 0.10036026762738035, 0.20964360587002095]"
org.mockitousage.matchers.MatchersTest.notOverloaded,0.11627906976744186,0.03540882592830546,0.00872093023255814,0.21245295556983276,0.01841761506104462,0.02389774539617671,0.03701565297745373,6.128860083873428,1.7115380261263031,0.35299003322259137,10.26922815675782,0.6331836063874035,0.9305313415943094,2.0735738813916047,"[""Object"", ""OngoingStubbing"", ""Mockito"", ""Matchers"", ""AdditionalMatchers"", ""MatchersTest"", ""IMethods""]","[0.11627906976744186, 0.03453568687643899, 0.02134959969500572, 0.015840779853777416, 0.015726889144610665, 0.00872093023255814]","[6.128860083873428, 2.1845740598618573, 0.5200152497140679, 0.37124289195775795, 0.7115458381281166, 0.35299003322259137]"
org.mockitousage.matchers.MatchersTest.andOverloaded,0.11627906976744186,0.03540882592830546,0.00872093023255814,0.21245295556983276,0.01841761506104462,0.02389774539617671,0.03701565297745373,6.128860083873428,1.7115380261263031,0.35299003322259137,10.26922815675782,0.6331836063874035,0.9305313415943094,2.0735738813916047,"[""OngoingStubbing"", ""Mockito"", ""Matchers"", ""AdditionalMatchers"", ""MatchersTest"", ""IMethods""]","[0.11627906976744186, 0.03453568687643899, 0.02134959969500572, 0.015840779853777416, 0.015726889144610665, 0.00872093023255814]","[6.128860083873428, 2.1845740598618573, 0.5200152497140679, 0.37124289195775795, 0.7115458381281166, 0.35299003322259137]"
org.mockito.internal.debugging.LoggingListenerTest.shouldLogUnusedStub,0.11627906976744186,0.026384634477627046,0.004319654427645789,0.21107707582101637,0.00864443845196176,0.012943579756708404,0.036573564713364225,6.128860083873428,0.9352343575693933,0.019438444924406047,7.481874860555147,0.0728313893937519,0.17939828821880005,1.9748667145606722,"[""LoggingListenerTest"", ""Object"", ""RuntimeException"", ""Mockito"", ""InvocationImpl"", ""Invocation"", ""List"", ""InvocationBuilder"", ""LinkedList"", ""LoggingListener"", ""Class"", ""SerializableMethod"", ""MockitoLogger""]","[0.11627906976744186, 0.0484178421654594, 0.01178318931657502, 0.01044932079414838, 0.008308157099697885, 0.0069881201956673656, 0.004531722054380665, 0.004319654427645789]","[6.128860083873428, 0.7415173465497522, 0.11036920659858601, 0.038662486938349006, 0.12311178247734139, 0.20964360587002095, 0.11027190332326284, 0.019438444924406047]"
org.mockitousage.matchers.CapturingArgumentsTest.should_capture_when_stubbing_only_when_entire_invocation_matches,0.11627906976744186,0.0348943162262034,0.0071174377224199285,0.2093658973572204,0.016748951486324586,0.02272367097458234,0.03734550798638312,6.128860083873428,1.6392413205942178,0.1767497034400949,9.835447923565306,0.45808783000742187,0.7693786931959488,2.11574321453271,"[""CapturingArgumentsTest"", ""OngoingStubbing"", ""Mockito"", ""Matchers"", ""Integer"", ""ArgumentCaptor"", ""IMethods""]","[0.11627906976744186, 0.03453568687643899, 0.02134959969500572, 0.015840779853777416, 0.014243323442136498, 0.0071174377224199285]","[6.128860083873428, 2.1845740598618573, 0.5200152497140679, 0.37124289195775795, 0.4540059347181009, 0.1767497034400949]"
org.mockitousage.stubbing.BasicStubbingTest.should_evaluate_latest_stubbing_first,0.11627906976744186,0.04171845003685533,0.015840779853777416,0.20859225018427663,0.02549756971424198,0.03085363107043046,0.037794061286497274,6.128860083873428,1.9023185562045637,0.3069004956157072,9.511592781022818,0.588513799334529,0.9547367924902133,2.224573458588893,"[""OngoingStubbing"", ""Mockito"", ""BasicStubbingTest"", ""Matchers"", ""Integer"", ""IMethods""]","[0.11627906976744186, 0.03453568687643899, 0.02134959969500572, 0.020587113991612657, 0.015840779853777416]","[6.128860083873428, 2.1845740598618573, 0.5200152497140679, 0.3069004956157072, 0.37124289195775795]"
org.mockitousage.basicapi.MocksSerializationForAnnotationTest.should_serialize_with_stubbing_callback,0.11627906976744186,0.02978189168420718,0.0025412960609911056,0.20847324178945026,0.00900462140636307,0.015942675232757858,0.03662099135119542,6.128860083873428,1.491035723886035,0.005082592121982211,10.437250067202244,0.03084805224281909,0.350264984483751,2.020942708048731,"[""Object"", ""OngoingStubbing"", ""Mockito"", ""ByteArrayOutputStream"", ""SimpleSerializationUtil"", ""MocksSerializationForAnnotationTest$CustomAnswersMustImplementSerializableForSerializationToWork"", ""ObjectInputStream"", ""InvocationOnMock"", ""Class"", ""Matchers"", ""MocksSerializationForAnnotationTest"", ""ObjectOutputStream"", ""ByteArrayInputStream"", ""IMethods""]","[0.11627906976744186, 0.03453568687643899, 0.02134959969500572, 0.015840779853777416, 0.011083743842364532, 0.006843065693430657, 0.0025412960609911056]","[6.128860083873428, 2.1845740598618573, 0.5200152497140679, 0.37124289195775795, 1.185960591133005, 0.04151459854014598, 0.005082592121982211]"
org.mockitousage.matchers.InvalidUseOfMatchersTest.should_detect_wrong_number_of_matchers_when_stubbing,0.11627906976744186,0.03465729774990207,0.006901840490797546,0.20794378649941242,0.01625497256773933,0.0222764183308242,0.03748576515582806,6.128860083873428,1.5704778553388128,0.03412576687116564,9.422867132032877,0.15009644998703842,0.5031986446604038,2.159481471810156,"[""OngoingStubbing"", ""Mockito"", ""InvalidUseOfMatchersTest"", ""Matchers"", ""InvalidUseOfMatchersException"", ""IMethods""]","[0.11627906976744186, 0.03453568687643899, 0.02134959969500572, 0.015840779853777416, 0.01303680981595092, 0.006901840490797546]","[6.128860083873428, 2.1845740598618573, 0.5200152497140679, 0.37124289195775795, 0.18404907975460122, 0.03412576687116564]"
org.mockito.internal.InOrderImplTest.shouldMarkVerifiedInOrder,0.11627906976744186,0.02968113487623488,0.006763787721123829,0.20776794413364416,0.010905508096778566,0.015671876583597692,0.03796832465043764,6.128860083873428,1.051368967362197,0.038662486938349006,7.35958277153538,0.0948910808576593,0.20702258402286028,2.085383974373101,"[""Object"", ""RuntimeException"", ""Mockito"", ""Arrays"", ""InvocationImpl"", ""Invocation"", ""List"", ""InvocationBuilder"", ""LinkedList"", ""InOrderImpl"", ""SerializableMethod"", ""Class"", ""InOrderImplTest""]","[0.11627906976744186, 0.0484178421654594, 0.01178318931657502, 0.01044932079414838, 0.007086614173228346, 0.0069881201956673656, 0.006763787721123829]","[6.128860083873428, 0.7415173465497522, 0.11036920659858601, 0.038662486938349006, 0.08110236220472442, 0.20964360587002095, 0.049427679500520294]"
org.mockito.internal.exceptions.util.ScenarioPrinterTest.shouldPrintInvocations,0.11627906976744186,0.029556288909865256,0.004866180048661801,0.2068940223690568,0.010268142116939008,0.015242750366706224,0.03805336921848216,6.128860083873428,1.0584430559472318,0.038662486938349006,7.409101391630622,0.1071931007255124,0.22628367235675514,2.082092408025982,"[""ScenarioPrinter"", ""Object"", ""RuntimeException"", ""Mockito"", ""Arrays"", ""InvocationImpl"", ""Invocation"", ""List"", ""InvocationBuilder"", ""LinkedList"", ""ScenarioPrinterTest"", ""Class"", ""SerializableMethod""]","[0.11627906976744186, 0.0484178421654594, 0.01178318931657502, 0.01044932079414838, 0.008110300081103, 0.0069881201956673656, 0.004866180048661801]","[6.128860083873428, 0.7415173465497522, 0.11036920659858601, 0.038662486938349006, 0.1151662611516626, 0.20964360587002095, 0.064882400648824]"
org.mockito.internal.exceptions.util.ScenarioPrinterTest.shouldNotPrintInvocationsWhenSingleUnwanted,0.11627906976744186,0.029556288909865256,0.004866180048661801,0.2068940223690568,0.010268142116939008,0.015242750366706224,0.03805336921848216,6.128860083873428,1.0584430559472318,0.038662486938349006,7.409101391630622,0.1071931007255124,0.22628367235675514,2.082092408025982,"[""ScenarioPrinter"", ""Object"", ""RuntimeException"", ""Mockito"", ""Arrays"", ""InvocationImpl"", ""Invocation"", ""List"", ""InvocationBuilder"", ""LinkedList"", ""ScenarioPrinterTest"", ""Class"", ""SerializableMethod""]","[0.11627906976744186, 0.0484178421654594, 0.01178318931657502, 0.01044932079414838, 0.008110300081103, 0.0069881201956673656, 0.004866180048661801]","[6.128860083873428, 0.7415173465497522, 0.11036920659858601, 0.038662486938349006, 0.1151662611516626, 0.20964360587002095, 0.064882400648824]"
org.mockito.internal.stubbing.answers.ReturnsArgumentAtTest.should_be_able_to_return_the_last_parameter,0.11627906976744186,0.029238604344476428,0.004301075268817204,0.204670230411335,0.009454090941477864,0.014494695184057962,0.038243254969752616,6.128860083873428,1.0758861810663636,0.038662486938349006,7.531203267464544,0.12671167549715406,0.2632074703421854,2.0741926327129043,"[""Object"", ""RuntimeException"", ""ReturnsArgumentAt"", ""Mockito"", ""InvocationImpl"", ""Invocation"", ""Arrays"", ""InvocationBuilder"", ""LinkedList"", ""ReturnsArgumentAtTest"", ""SerializableMethod"", ""Class"", ""List""]","[0.11627906976744186, 0.0484178421654594, 0.01178318931657502, 0.01044932079414838, 0.0069881201956673656, 0.0064516129032258064, 0.004301075268817204]","[6.128860083873428, 0.7415173465497522, 0.11036920659858601, 0.038662486938349006, 0.20964360587002095, 0.1870967741935484, 0.11505376344086021]"
org.mockito.internal.stubbing.answers.ReturnsArgumentAtTest.should_be_able_to_return_the_first_parameter,0.11627906976744186,0.029238604344476428,0.004301075268817204,0.204670230411335,0.009454090941477864,0.014494695184057962,0.038243254969752616,6.128860083873428,1.0758861810663636,0.038662486938349006,7.531203267464544,0.12671167549715406,0.2632074703421854,2.0741926327129043,"[""Object"", ""RuntimeException"", ""ReturnsArgumentAt"", ""Mockito"", ""InvocationImpl"", ""Invocation"", ""Arrays"", ""InvocationBuilder"", ""LinkedList"", ""ReturnsArgumentAtTest"", ""SerializableMethod"", ""Class"", ""List""]","[0.11627906976744186, 0.0484178421654594, 0.01178318931657502, 0.01044932079414838, 0.0069881201956673656, 0.0064516129032258064, 0.004301075268817204]","[6.128860083873428, 0.7415173465497522, 0.11036920659858601, 0.038662486938349006, 0.20964360587002095, 0.1870967741935484, 0.11505376344086021]"
org.mockito.internal.stubbing.answers.ReturnsArgumentAtTest.should_be_able_to_return_the_specified_parameter,0.11627906976744186,0.029238604344476428,0.004301075268817204,0.204670230411335,0.009454090941477864,0.014494695184057962,0.038243254969752616,6.128860083873428,1.0758861810663636,0.038662486938349006,7.531203267464544,0.12671167549715406,0.2632074703421854,2.0741926327129043,"[""Object"", ""RuntimeException"", ""ReturnsArgumentAt"", ""Mockito"", ""InvocationImpl"", ""Invocation"", ""Arrays"", ""InvocationBuilder"", ""LinkedList"", ""ReturnsArgumentAtTest"", ""SerializableMethod"", ""Class"", ""List""]","[0.11627906976744186, 0.0484178421654594, 0.01178318931657502, 0.01044932079414838, 0.0069881201956673656, 0.0064516129032258064, 0.004301075268817204]","[6.128860083873428, 0.7415173465497522, 0.11036920659858601, 0.038662486938349006, 0.20964360587002095, 0.1870967741935484, 0.11505376344086021]"
org.mockito.internal.stubbing.answers.ReturnsArgumentAtTest.should_be_able_to_return_the_second_parameter,0.11627906976744186,0.029238604344476428,0.004301075268817204,0.204670230411335,0.009454090941477864,0.014494695184057962,0.038243254969752616,6.128860083873428,1.0758861810663636,0.038662486938349006,7.531203267464544,0.12671167549715406,0.2632074703421854,2.0741926327129043,"[""Object"", ""RuntimeException"", ""ReturnsArgumentAt"", ""Mockito"", ""InvocationImpl"", ""Invocation"", ""Arrays"", ""InvocationBuilder"", ""LinkedList"", ""ReturnsArgumentAtTest"", ""SerializableMethod"", ""Class"", ""List""]","[0.11627906976744186, 0.0484178421654594, 0.01178318931657502, 0.01044932079414838, 0.0069881201956673656, 0.0064516129032258064, 0.004301075268817204]","[6.128860083873428, 0.7415173465497522, 0.11036920659858601, 0.038662486938349006, 0.20964360587002095, 0.1870967741935484, 0.11505376344086021]"
org.mockitousage.matchers.MatchersTest.endsWithMatcher,0.11627906976744186,0.04074640506745493,0.015726889144610665,0.20373202533727464,0.02368451331081251,0.02923585191553446,0.038382962001604744,6.128860083873428,1.9832476247070456,0.37124289195775795,9.916238123535228,0.7526738837740786,1.1296000886823299,2.1717950488344617,"[""OngoingStubbing"", ""Mockito"", ""Matchers"", ""MatchersTest"", ""IMethods""]","[0.11627906976744186, 0.03453568687643899, 0.02134959969500572, 0.015840779853777416, 0.015726889144610665]","[6.128860083873428, 2.1845740598618573, 0.5200152497140679, 0.37124289195775795, 0.7115458381281166]"
org.mockitousage.matchers.MatchersTest.containsMatcher,0.11627906976744186,0.04074640506745493,0.015726889144610665,0.20373202533727464,0.02368451331081251,0.02923585191553446,0.038382962001604744,6.128860083873428,1.9832476247070456,0.37124289195775795,9.916238123535228,0.7526738837740786,1.1296000886823299,2.1717950488344617,"[""OngoingStubbing"", ""Mockito"", ""Matchers"", ""MatchersTest"", ""IMethods""]","[0.11627906976744186, 0.03453568687643899, 0.02134959969500572, 0.015840779853777416, 0.015726889144610665]","[6.128860083873428, 2.1845740598618573, 0.5200152497140679, 0.37124289195775795, 0.7115458381281166]"
org.mockitousage.stubbing.StubbingWithCustomAnswerTest.shouldMakeSureTheInterfaceDoesNotChange,0.11627906976744186,0.03374454158419037,0.006843065693430657,0.20246724950514222,0.01412075762146269,0.020339856743757073,0.038063509125900105,6.128860083873428,1.5686535282769238,0.04151459854014598,9.411921169661543,0.1696833190666066,0.5108933498792865,2.1605812578721553,"[""Object"", ""OngoingStubbing"", ""Mockito"", ""StubbingWithCustomAnswerTest$4"", ""InvocationOnMock"", ""StubbingWithCustomAnswerTest"", ""Class"", ""Matchers"", ""IMethods""]","[0.11627906976744186, 0.03453568687643899, 0.02134959969500572, 0.015840779853777416, 0.007619047619047619, 0.006843065693430657]","[6.128860083873428, 2.1845740598618573, 0.5200152497140679, 0.37124289195775795, 0.1657142857142857, 0.04151459854014598]"
org.mockitousage.stubbing.StubbingWithCustomAnswerTest.shouldAnswer,0.11627906976744186,0.03374454158419037,0.006843065693430657,0.20246724950514222,0.01412075762146269,0.020339856743757073,0.038063509125900105,6.128860083873428,1.5686535282769238,0.04151459854014598,9.411921169661543,0.1696833190666066,0.5108933498792865,2.1605812578721553,"[""StringBuilder"", ""Object"", ""OngoingStubbing"", ""Mockito"", ""StubbingWithCustomAnswerTest$1"", ""InvocationOnMock"", ""Method"", ""StubbingWithCustomAnswerTest"", ""Matchers"", ""IMethods""]","[0.11627906976744186, 0.03453568687643899, 0.02134959969500572, 0.015840779853777416, 0.007619047619047619, 0.006843065693430657]","[6.128860083873428, 2.1845740598618573, 0.5200152497140679, 0.37124289195775795, 0.1657142857142857, 0.04151459854014598]"
org.mockito.internal.stubbing.answers.MethodInfoTest.shouldKnowValidThrowables,0.11627906976744186,0.028909902411776843,0.004149377593360996,0.2023693168824379,0.008470999361941223,0.013609573946460125,0.038447043241165546,6.128860083873428,1.0356634354308918,0.008298755186721992,7.2496440480162425,0.02879981561353675,0.12253317249934612,2.0929278606808195,"[""Exception"", ""Object"", ""MethodInfo"", ""RuntimeException"", ""Mockito"", ""InvocationImpl"", ""Invocation"", ""List"", ""InvocationBuilder"", ""LinkedList"", ""MethodInfoTest"", ""Class"", ""CharacterCodingException"", ""SerializableMethod""]","[0.11627906976744186, 0.0484178421654594, 0.01178318931657502, 0.01044932079414838, 0.0069881201956673656, 0.0043023970497848806, 0.004149377593360996]","[6.128860083873428, 0.7415173465497522, 0.11036920659858601, 0.038662486938349006, 0.20964360587002095, 0.012292562999385371, 0.008298755186721992]"
org.mockitousage.stubbing.StubbingUsingDoReturnTest.shouldStubWithArgs,0.11627906976744186,0.0403807531246316,0.009108341323106424,0.201903765623158,0.02060539446877961,0.02763274809621332,0.03879411778468543,6.128860083873428,1.866398523469213,0.1538830297219559,9.331992617346065,0.4186276244322382,0.8193489153903497,2.250820250704094,"[""StubbingUsingDoReturnTest"", ""Mockito"", ""Stubber"", ""Matchers"", ""Integer"", ""IMethods""]","[0.11627906976744186, 0.03453568687643899, 0.02134959969500572, 0.02063106796116505, 0.009108341323106424]","[6.128860083873428, 2.1845740598618573, 0.5200152497140679, 0.3446601941747573, 0.1538830297219559]"
org.mockitousage.basicapi.MocksSerializationForAnnotationTest.should_serialize_method_calls_using_any_string_matcher,0.11627906976744186,0.0336050293493366,0.0025412960609911056,0.2016301760960196,0.009505021737611398,0.018356066154084437,0.038240011822993275,6.128860083873428,1.7326225781103497,0.005082592121982211,10.395735468662098,0.029581307541276098,0.49976139344399134,2.087189867696091,"[""Collections"", ""OngoingStubbing"", ""Mockito"", ""ByteArrayOutputStream"", ""SimpleSerializationUtil"", ""ObjectInputStream"", ""Class"", ""Matchers"", ""MocksSerializationForAnnotationTest"", ""ObjectOutputStream"", ""ByteArrayInputStream"", ""IMethods""]","[0.11627906976744186, 0.03453568687643899, 0.02134959969500572, 0.015840779853777416, 0.011083743842364532, 0.0025412960609911056]","[6.128860083873428, 2.1845740598618573, 0.5200152497140679, 0.37124289195775795, 1.185960591133005, 0.005082592121982211]"
org.mockitousage.basicapi.MocksSerializationForAnnotationTest.should_verify_called_n_times_for_serialized_mock,0.11627906976744186,0.0336050293493366,0.0025412960609911056,0.2016301760960196,0.009505021737611398,0.018356066154084437,0.038240011822993275,6.128860083873428,1.7326225781103497,0.005082592121982211,10.395735468662098,0.029581307541276098,0.49976139344399134,2.087189867696091,"[""Collections"", ""OngoingStubbing"", ""Mockito"", ""ByteArrayOutputStream"", ""SimpleSerializationUtil"", ""ObjectInputStream"", ""Class"", ""Matchers"", ""MocksSerializationForAnnotationTest"", ""ObjectOutputStream"", ""ByteArrayInputStream"", ""IMethods""]","[0.11627906976744186, 0.03453568687643899, 0.02134959969500572, 0.015840779853777416, 0.011083743842364532, 0.0025412960609911056]","[6.128860083873428, 2.1845740598618573, 0.5200152497140679, 0.37124289195775795, 1.185960591133005, 0.005082592121982211]"
org.mockitousage.basicapi.MocksSerializationForAnnotationTest.should_remember_interactions_for_serialized_mock,0.11627906976744186,0.0336050293493366,0.0025412960609911056,0.2016301760960196,0.009505021737611398,0.018356066154084437,0.038240011822993275,6.128860083873428,1.7326225781103497,0.005082592121982211,10.395735468662098,0.029581307541276098,0.49976139344399134,2.087189867696091,"[""Collections"", ""OngoingStubbing"", ""Mockito"", ""ByteArrayOutputStream"", ""SimpleSerializationUtil"", ""ObjectInputStream"", ""Class"", ""Matchers"", ""MocksSerializationForAnnotationTest"", ""ObjectOutputStream"", ""ByteArrayInputStream"", ""IMethods""]","[0.11627906976744186, 0.03453568687643899, 0.02134959969500572, 0.015840779853777416, 0.011083743842364532, 0.0025412960609911056]","[6.128860083873428, 2.1845740598618573, 0.5200152497140679, 0.37124289195775795, 1.185960591133005, 0.005082592121982211]"
org.mockitousage.verification.DescriptiveMessagesWhenVerificationFailsTest.should_print_method_when_missing_invocation_with_matcher,0.11627906976744186,0.04014312335573299,0.007171671896010758,0.20071561677866495,0.018477052851966172,0.026531134891402595,0.03903974657054754,6.128860083873428,1.8474305295610436,0.02330793366203496,9.237152647805217,0.10400063742231007,0.5729283326783494,2.2665370794522586,"[""Mockito"", ""DescriptiveMessagesWhenVerificationFailsTest"", ""ArgumentsAreDifferent"", ""Matchers"", ""IMethods""]","[0.11627906976744186, 0.03453568687643899, 0.021379588543767647, 0.02134959969500572, 0.007171671896010758]","[6.128860083873428, 2.1845740598618573, 0.38039532069382814, 0.5200152497140679, 0.02330793366203496]"
org.mockito.internal.configuration.plugins.PluginFinderTest.problems_loading_impl,0.11627906976744186,0.03332026615875731,0.009478672985781991,0.19992159695254386,0.0157473249736423,0.020845038860461504,0.03804951872072561,6.128860083873428,1.5154295735996566,0.03349282296650718,9.092577441597939,0.10465782117961371,0.3703452340301547,2.1910521247152306,"[""Exception"", ""URI"", ""String"", ""RuntimeException"", ""OngoingStubbing"", ""Mockito"", ""Arrays"", ""PluginFinder"", ""Throwable"", ""File"", ""PluginFinderTest"", ""Matchers"", ""Boolean"", ""PluginSwitch""]","[0.11627906976744186, 0.03453568687643899, 0.015840779853777416, 0.014218009478672985, 0.009569377990430622, 0.009478672985781991]","[6.128860083873428, 2.1845740598618573, 0.37124289195775795, 0.32701421800947866, 0.03349282296650718, 0.04739336492890995]"
org.mockito.internal.invocation.InvocationImplTest.shouldTransformArgumentsToMatchers,0.11627906976744186,0.028454046835918186,0.0021390374331550803,0.1991783278514273,0.0061362947685498674,0.011825880934588738,0.03874618231661823,6.128860083873428,1.035604129356265,0.005202913631633715,7.249228905493855,0.02331834539161566,0.11790336461517194,2.092958274574966,"[""Object"", ""RuntimeException"", ""Mockito"", ""InvocationImpl"", ""Invocation"", ""InvocationBuilder"", ""LinkedList"", ""InvocationImplTest"", ""ArgumentsProcessor"", ""SerializableMethod"", ""Class"", ""List""]","[0.11627906976744186, 0.0484178421654594, 0.01178318931657502, 0.01044932079414838, 0.0069881201956673656, 0.003121748178980229, 0.0021390374331550803]","[6.128860083873428, 0.7415173465497522, 0.11036920659858601, 0.038662486938349006, 0.20964360587002095, 0.005202913631633715, 0.014973262032085561]"
org.mockitousage.basicapi.MocksSerializationTest.should_stub_even_if_some_methods_called_after_serialization,0.11627906976744186,0.03317380939762355,0.0025412960609911056,0.19904285638574132,0.009860554126420671,0.018831861586476,0.037837699855944325,6.128860083873428,1.4051957912967528,0.005082592121982211,8.431174747780517,0.029352679315094,0.378384896729982,2.1262016999684454,"[""OngoingStubbing"", ""Mockito"", ""ByteArrayOutputStream"", ""MocksSerializationTest"", ""MockSettings"", ""SimpleSerializationUtil"", ""ObjectInputStream"", ""Class"", ""ObjectOutputStream"", ""ByteArrayInputStream"", ""IMethods""]","[0.11627906976744186, 0.025594149908592323, 0.02134959969500572, 0.017437961099932932, 0.015840779853777416, 0.0025412960609911056]","[6.128860083873428, 0.6246191346739792, 0.5200152497140679, 0.7813547954393025, 0.37124289195775795, 0.005082592121982211]"
org.mockitousage.basicapi.MocksSerializationTest.should_allow_mock_and_string_value_to_be_serializable,0.11627906976744186,0.03317380939762355,0.0025412960609911056,0.19904285638574132,0.009860554126420671,0.018831861586476,0.037837699855944325,6.128860083873428,1.4051957912967528,0.005082592121982211,8.431174747780517,0.029352679315094,0.378384896729982,2.1262016999684454,"[""OngoingStubbing"", ""Mockito"", ""ByteArrayOutputStream"", ""MocksSerializationTest"", ""MockSettings"", ""SimpleSerializationUtil"", ""ObjectInputStream"", ""Class"", ""ObjectOutputStream"", ""ByteArrayInputStream"", ""IMethods""]","[0.11627906976744186, 0.025594149908592323, 0.02134959969500572, 0.017437961099932932, 0.015840779853777416, 0.0025412960609911056]","[6.128860083873428, 0.6246191346739792, 0.5200152497140679, 0.7813547954393025, 0.37124289195775795, 0.005082592121982211]"
org.mockitousage.basicapi.MocksSerializationTest.should_all_mock_and_serializable_value_to_be_serialized,0.11627906976744186,0.03317380939762355,0.0025412960609911056,0.19904285638574132,0.009860554126420671,0.018831861586476,0.037837699855944325,6.128860083873428,1.4051957912967528,0.005082592121982211,8.431174747780517,0.029352679315094,0.378384896729982,2.1262016999684454,"[""Collections"", ""OngoingStubbing"", ""Mockito"", ""ByteArrayOutputStream"", ""MocksSerializationTest"", ""MockSettings"", ""SimpleSerializationUtil"", ""ObjectInputStream"", ""Class"", ""ObjectOutputStream"", ""ByteArrayInputStream"", ""IMethods""]","[0.11627906976744186, 0.025594149908592323, 0.02134959969500572, 0.017437961099932932, 0.015840779853777416, 0.0025412960609911056]","[6.128860083873428, 0.6246191346739792, 0.5200152497140679, 0.7813547954393025, 0.37124289195775795, 0.005082592121982211]"
org.mockitousage.basicapi.MocksSerializationTest.should_allow_mock_and_boolean_value_to_serializable,0.11627906976744186,0.03317380939762355,0.0025412960609911056,0.19904285638574132,0.009860554126420671,0.018831861586476,0.037837699855944325,6.128860083873428,1.4051957912967528,0.005082592121982211,8.431174747780517,0.029352679315094,0.378384896729982,2.1262016999684454,"[""OngoingStubbing"", ""Mockito"", ""ByteArrayOutputStream"", ""MocksSerializationTest"", ""MockSettings"", ""SimpleSerializationUtil"", ""ObjectInputStream"", ""Class"", ""Boolean"", ""ObjectOutputStream"", ""ByteArrayInputStream"", ""IMethods""]","[0.11627906976744186, 0.025594149908592323, 0.02134959969500572, 0.017437961099932932, 0.015840779853777416, 0.0025412960609911056]","[6.128860083873428, 0.6246191346739792, 0.5200152497140679, 0.7813547954393025, 0.37124289195775795, 0.005082592121982211]"
org.mockitousage.basicapi.MocksSerializationTest.should_serialize_method_call_with_parameters_that_are_serializable,0.11627906976744186,0.03317380939762355,0.0025412960609911056,0.19904285638574132,0.009860554126420671,0.018831861586476,0.037837699855944325,6.128860083873428,1.4051957912967528,0.005082592121982211,8.431174747780517,0.029352679315094,0.378384896729982,2.1262016999684454,"[""Collections"", ""OngoingStubbing"", ""Mockito"", ""ByteArrayOutputStream"", ""MocksSerializationTest"", ""MockSettings"", ""SimpleSerializationUtil"", ""ObjectInputStream"", ""Class"", ""ObjectOutputStream"", ""ByteArrayInputStream"", ""IMethods""]","[0.11627906976744186, 0.025594149908592323, 0.02134959969500572, 0.017437961099932932, 0.015840779853777416, 0.0025412960609911056]","[6.128860083873428, 0.6246191346739792, 0.5200152497140679, 0.7813547954393025, 0.37124289195775795, 0.005082592121982211]"
org.mockitousage.debugging.VerboseLoggingOfInvocationsOnMockTest.shouldPrintUnstubbedInvocationOnMockToStdOut,0.11627906976744186,0.03304724775998365,0.00362844702467344,0.19828348655990188,0.009665933502322786,0.016861566527164813,0.03906421802107055,6.128860083873428,1.371290212508307,0.018867924528301886,8.227741275049842,0.07792263462889555,0.34481427716606255,2.150742517804296,"[""MockName"", ""Object"", ""MockUtil"", ""Mockito"", ""ByteArrayOutputStream"", ""MockSettings"", ""Foo"", ""Class"", ""VerboseLoggingOfInvocationsOnMockTest""]","[0.11627906976744186, 0.03736179946626001, 0.025594149908592323, 0.009285051067780872, 0.006134969325153374, 0.00362844702467344]","[6.128860083873428, 0.48189096454441477, 0.6246191346739792, 0.9210770659238626, 0.05242610150585611, 0.018867924528301886]"
org.mockitousage.debugging.VerboseLoggingOfInvocationsOnMockTest.shouldNotPrintInvocationOnMockWithoutSetting,0.11627906976744186,0.03304724775998365,0.00362844702467344,0.19828348655990188,0.009665933502322786,0.016861566527164813,0.03906421802107055,6.128860083873428,1.371290212508307,0.018867924528301886,8.227741275049842,0.07792263462889555,0.34481427716606255,2.150742517804296,"[""MockName"", ""Object"", ""MockUtil"", ""Mockito"", ""ByteArrayOutputStream"", ""VerboseLoggingOfInvocationsOnMockTest$UnrelatedClass"", ""MockSettings"", ""Foo"", ""VerboseLoggingOfInvocationsOnMockTest""]","[0.11627906976744186, 0.03736179946626001, 0.025594149908592323, 0.009285051067780872, 0.006134969325153374, 0.00362844702467344]","[6.128860083873428, 0.48189096454441477, 0.6246191346739792, 0.9210770659238626, 0.05242610150585611, 0.018867924528301886]"
org.mockito.internal.verification.DefaultRegisteredInvocationsTest.should_not_return_to_string_method,0.11627906976744186,0.02821885715294533,0.0012048192771084338,0.1975320000706173,0.004380694327731783,0.010499195209691366,0.038904839654255716,6.128860083873428,1.0340987548638576,0.0,7.238691284047003,0.041391553200667404,0.18429860193998693,2.2150013096878203,"[""DefaultRegisteredInvocations"", ""Object"", ""RuntimeException"", ""Mockito"", ""InvocationImpl"", ""Invocation"", ""InvocationBuilder"", ""LinkedList"", ""DefaultRegisteredInvocationsTest"", ""SerializableMethod"", ""Class"", ""List""]","[0.11627906976744186, 0.0484178421654594, 0.01178318931657502, 0.01044932079414838, 0.0069881201956673656, 0.0024096385542168677, 0.0012048192771084338]","[6.128860083873428, 0.7415173465497522, 0.11036920659858601, 0.038662486938349006, 0.20964360587002095, 0.00963855421686747, 0.0]"
org.mockito.internal.invocation.InvocationImplTest.shouldEqualToNotConsiderSequenceNumber,0.11627906976744186,0.03267609661207451,0.0021390374331550803,0.19605657967244708,0.00731332544842106,0.014765203647284258,0.040332342124879524,6.128860083873428,1.20733766531037,0.014973262032085561,7.2440259918622205,0.055559246146540876,0.19833809112112158,2.214521741602768,"[""Object"", ""RuntimeException"", ""Mockito"", ""InvocationImpl"", ""Invocation"", ""List"", ""InvocationBuilder"", ""LinkedList"", ""InvocationImplTest"", ""Class"", ""SerializableMethod""]","[0.11627906976744186, 0.0484178421654594, 0.01178318931657502, 0.01044932079414838, 0.0069881201956673656, 0.0021390374331550803]","[6.128860083873428, 0.7415173465497522, 0.11036920659858601, 0.038662486938349006, 0.20964360587002095, 0.014973262032085561]"
org.mockito.internal.invocation.InvocationImplTest.shouldPrintArgumentsInMultilinesWhenGetsTooBig,0.11627906976744186,0.03267609661207451,0.0021390374331550803,0.19605657967244708,0.00731332544842106,0.014765203647284258,0.040332342124879524,6.128860083873428,1.20733766531037,0.014973262032085561,7.2440259918622205,0.055559246146540876,0.19833809112112158,2.214521741602768,"[""Object"", ""RuntimeException"", ""Mockito"", ""InvocationImpl"", ""Invocation"", ""List"", ""InvocationBuilder"", ""LinkedList"", ""InvocationImplTest"", ""Class"", ""Integer"", ""SerializableMethod""]","[0.11627906976744186, 0.0484178421654594, 0.01178318931657502, 0.01044932079414838, 0.0069881201956673656, 0.0021390374331550803]","[6.128860083873428, 0.7415173465497522, 0.11036920659858601, 0.038662486938349006, 0.20964360587002095, 0.014973262032085561]"
org.mockito.internal.invocation.InvocationImplTest.shouldPrintMethodIntegerArgAndString,0.11627906976744186,0.03267609661207451,0.0021390374331550803,0.19605657967244708,0.00731332544842106,0.014765203647284258,0.040332342124879524,6.128860083873428,1.20733766531037,0.014973262032085561,7.2440259918622205,0.055559246146540876,0.19833809112112158,2.214521741602768,"[""Object"", ""RuntimeException"", ""Mockito"", ""InvocationImpl"", ""Invocation"", ""List"", ""InvocationBuilder"", ""LinkedList"", ""InvocationImplTest"", ""Class"", ""Integer"", ""SerializableMethod""]","[0.11627906976744186, 0.0484178421654594, 0.01178318931657502, 0.01044932079414838, 0.0069881201956673656, 0.0021390374331550803]","[6.128860083873428, 0.7415173465497522, 0.11036920659858601, 0.038662486938349006, 0.20964360587002095, 0.014973262032085561]"
org.mockito.internal.invocation.InvocationImplTest.shouldScreamWhenCallingRealMethodOnInterface,0.11627906976744186,0.03267609661207451,0.0021390374331550803,0.19605657967244708,0.00731332544842106,0.014765203647284258,0.040332342124879524,6.128860083873428,1.20733766531037,0.014973262032085561,7.2440259918622205,0.055559246146540876,0.19833809112112158,2.214521741602768,"[""Object"", ""RuntimeException"", ""InvocationImpl"", ""Mockito"", ""Invocation"", ""List"", ""InvocationBuilder"", ""LinkedList"", ""InvocationImplTest"", ""Class"", ""SerializableMethod""]","[0.11627906976744186, 0.0484178421654594, 0.01178318931657502, 0.01044932079414838, 0.0069881201956673656, 0.0021390374331550803]","[6.128860083873428, 0.7415173465497522, 0.11036920659858601, 0.038662486938349006, 0.20964360587002095, 0.014973262032085561]"
org.mockito.internal.invocation.InvocationImplTest.shouldKnowIfIsEqualTo,0.11627906976744186,0.03267609661207451,0.0021390374331550803,0.19605657967244708,0.00731332544842106,0.014765203647284258,0.040332342124879524,6.128860083873428,1.20733766531037,0.014973262032085561,7.2440259918622205,0.055559246146540876,0.19833809112112158,2.214521741602768,"[""String"", ""Object"", ""RuntimeException"", ""Mockito"", ""InvocationImpl"", ""Invocation"", ""List"", ""InvocationBuilder"", ""LinkedList"", ""InvocationImplTest"", ""Class"", ""SerializableMethod""]","[0.11627906976744186, 0.0484178421654594, 0.01178318931657502, 0.01044932079414838, 0.0069881201956673656, 0.0021390374331550803]","[6.128860083873428, 0.7415173465497522, 0.11036920659858601, 0.038662486938349006, 0.20964360587002095, 0.014973262032085561]"
org.mockito.internal.invocation.InvocationImplTest.shouldPrintNull,0.11627906976744186,0.03267609661207451,0.0021390374331550803,0.19605657967244708,0.00731332544842106,0.014765203647284258,0.040332342124879524,6.128860083873428,1.20733766531037,0.014973262032085561,7.2440259918622205,0.055559246146540876,0.19833809112112158,2.214521741602768,"[""Object"", ""RuntimeException"", ""Mockito"", ""InvocationImpl"", ""Invocation"", ""List"", ""InvocationBuilder"", ""LinkedList"", ""InvocationImplTest"", ""Class"", ""SerializableMethod""]","[0.11627906976744186, 0.0484178421654594, 0.01178318931657502, 0.01044932079414838, 0.0069881201956673656, 0.0021390374331550803]","[6.128860083873428, 0.7415173465497522, 0.11036920659858601, 0.038662486938349006, 0.20964360587002095, 0.014973262032085561]"
org.mockito.internal.invocation.InvocationImplTest.shouldPrintMethodName,0.11627906976744186,0.03267609661207451,0.0021390374331550803,0.19605657967244708,0.00731332544842106,0.014765203647284258,0.040332342124879524,6.128860083873428,1.20733766531037,0.014973262032085561,7.2440259918622205,0.055559246146540876,0.19833809112112158,2.214521741602768,"[""Object"", ""RuntimeException"", ""InvocationImpl"", ""Mockito"", ""Invocation"", ""List"", ""InvocationBuilder"", ""LinkedList"", ""InvocationImplTest"", ""Class"", ""SerializableMethod""]","[0.11627906976744186, 0.0484178421654594, 0.01178318931657502, 0.01044932079414838, 0.0069881201956673656, 0.0021390374331550803]","[6.128860083873428, 0.7415173465497522, 0.11036920659858601, 0.038662486938349006, 0.20964360587002095, 0.014973262032085561]"
org.mockito.internal.invocation.InvocationImplTest.shouldReturnCastedArgumentAt,0.11627906976744186,0.03267609661207451,0.0021390374331550803,0.19605657967244708,0.00731332544842106,0.014765203647284258,0.040332342124879524,6.128860083873428,1.20733766531037,0.014973262032085561,7.2440259918622205,0.055559246146540876,0.19833809112112158,2.214521741602768,"[""Object"", ""RuntimeException"", ""Mockito"", ""InvocationImpl"", ""Invocation"", ""List"", ""Arrays"", ""InvocationBuilder"", ""LinkedList"", ""InvocationImplTest"", ""Class"", ""Integer"", ""SerializableMethod""]","[0.11627906976744186, 0.0484178421654594, 0.01178318931657502, 0.01044932079414838, 0.0069881201956673656, 0.0021390374331550803]","[6.128860083873428, 0.7415173465497522, 0.11036920659858601, 0.038662486938349006, 0.20964360587002095, 0.014973262032085561]"
org.mockito.internal.invocation.InvocationImplTest.shouldPrintArray,0.11627906976744186,0.03267609661207451,0.0021390374331550803,0.19605657967244708,0.00731332544842106,0.014765203647284258,0.040332342124879524,6.128860083873428,1.20733766531037,0.014973262032085561,7.2440259918622205,0.055559246146540876,0.19833809112112158,2.214521741602768,"[""Object"", ""RuntimeException"", ""Mockito"", ""InvocationImpl"", ""Invocation"", ""List"", ""InvocationBuilder"", ""LinkedList"", ""InvocationImplTest"", ""Class"", ""SerializableMethod""]","[0.11627906976744186, 0.0484178421654594, 0.01178318931657502, 0.01044932079414838, 0.0069881201956673656, 0.0021390374331550803]","[6.128860083873428, 0.7415173465497522, 0.11036920659858601, 0.038662486938349006, 0.20964360587002095, 0.014973262032085561]"
org.mockito.internal.invocation.InvocationImplTest.shouldPrintMethodArgs,0.11627906976744186,0.03267609661207451,0.0021390374331550803,0.19605657967244708,0.00731332544842106,0.014765203647284258,0.040332342124879524,6.128860083873428,1.20733766531037,0.014973262032085561,7.2440259918622205,0.055559246146540876,0.19833809112112158,2.214521741602768,"[""Object"", ""RuntimeException"", ""Mockito"", ""InvocationImpl"", ""Invocation"", ""List"", ""InvocationBuilder"", ""LinkedList"", ""InvocationImplTest"", ""Class"", ""SerializableMethod""]","[0.11627906976744186, 0.0484178421654594, 0.01178318931657502, 0.01044932079414838, 0.0069881201956673656, 0.0021390374331550803]","[6.128860083873428, 0.7415173465497522, 0.11036920659858601, 0.038662486938349006, 0.20964360587002095, 0.014973262032085561]"
org.mockito.internal.invocation.InvocationImplTest.shouldPrintNullIfArrayIsNull,0.11627906976744186,0.03267609661207451,0.0021390374331550803,0.19605657967244708,0.00731332544842106,0.014765203647284258,0.040332342124879524,6.128860083873428,1.20733766531037,0.014973262032085561,7.2440259918622205,0.055559246146540876,0.19833809112112158,2.214521741602768,"[""Object"", ""RuntimeException"", ""Mockito"", ""InvocationImpl"", ""Invocation"", ""List"", ""InvocationBuilder"", ""LinkedList"", ""InvocationImplTest"", ""Class"", ""SerializableMethod""]","[0.11627906976744186, 0.0484178421654594, 0.01178318931657502, 0.01044932079414838, 0.0069881201956673656, 0.0021390374331550803]","[6.128860083873428, 0.7415173465497522, 0.11036920659858601, 0.038662486938349006, 0.20964360587002095, 0.014973262032085561]"
org.mockito.internal.handler.InvocationNotifierHandlerTest.should_delegate_all_MockHandlerInterface_to_the_parameterized_MockHandler,0.11627906976744186,0.039106147185665394,0.01088139281828074,0.19553073592832698,0.0199159105996902,0.026120187291082536,0.039430384318425285,6.128860083873428,1.9067521743744558,0.34398496240601506,9.533760871872278,0.6178588122532931,0.9756955993765793,2.220769446375511,"[""InvocationNotifierHandler"", ""ArrayList"", ""Mockito"", ""MockHandlerImpl"", ""InvocationNotifierHandlerTest"", ""Matchers""]","[0.11627906976744186, 0.03453568687643899, 0.019736842105263157, 0.014097744360902255, 0.01088139281828074]","[6.128860083873428, 2.1845740598618573, 0.34398496240601506, 0.43890977443609025, 0.43743199129488575]"
org.mockitousage.verification.DescriptiveMessagesWhenVerificationFailsTest.should_print_method_when_matcher_used,0.11627906976744186,0.03904323713706596,0.0016722408026755853,0.19521618568532978,0.006857126310618068,0.01982857518665839,0.04001837704366118,6.128860083873428,1.8436886752701078,0.00459866220735786,9.218443376350539,0.02245905770582051,0.41411965828921204,2.269558886733593,"[""Matchers"", ""Mockito"", ""DescriptiveMessagesWhenVerificationFailsTest"", ""WantedButNotInvoked"", ""IMethods""]","[0.11627906976744186, 0.03453568687643899, 0.021379588543767647, 0.02134959969500572, 0.0016722408026755853]","[6.128860083873428, 2.1845740598618573, 0.38039532069382814, 0.5200152497140679, 0.00459866220735786]"
org.mockito.internal.util.MockUtilTest.should_validate_spy,0.11627906976744186,0.04871649401546299,0.015630956919557758,0.19486597606185196,0.0288991564726055,0.036308967755853974,0.03975841512330641,6.128860083873428,1.8460137238133674,0.14868471216164697,7.3840548952534695,0.37861085879777345,0.7236899186979242,2.478726203234679,"[""ArrayList"", ""MockUtil"", ""Mockito"", ""MockSettings"", ""MockUtilTest""]","[0.11627906976744186, 0.03736179946626001, 0.025594149908592323, 0.015630956919557758]","[6.128860083873428, 0.48189096454441477, 0.6246191346739792, 0.14868471216164697]"
org.mockitousage.stubbing.BasicStubbingTest.should_stubbing_not_be_treated_as_interaction,0.11627906976744186,0.038937526253800536,0.015840779853777416,0.19468763126900268,0.023189787435026546,0.02783280676953097,0.03872046811026249,6.128860083873428,1.5343357830671436,0.3069004956157072,7.671678915335718,0.45705381503986064,0.6599158058126084,2.2983998851426084,"[""RuntimeException"", ""OngoingStubbing"", ""Mockito"", ""BasicStubbingTest"", ""Stubber"", ""IMethods""]","[0.11627906976744186, 0.02134959969500572, 0.02063106796116505, 0.020587113991612657, 0.015840779853777416]","[6.128860083873428, 0.5200152497140679, 0.3446601941747573, 0.3069004956157072, 0.37124289195775795]"
org.mockito.internal.handler.InvocationNotifierHandlerTest.should_notify_all_listeners_when_calling_delegate_handler,0.11627906976744186,0.027773780701482113,0.002819548872180451,0.1944164649103748,0.009760405289210104,0.015514284332787637,0.0365208114373428,6.128860083873428,1.2198388535712008,0.016917293233082706,8.538871974998406,0.09898977961553956,0.41224881242540923,2.0154344541434615,"[""InvocationNotifierHandler"", ""Mockito"", ""BDDMockito"", ""NotifiedMethodInvocationReport"", ""MockHandlerImpl"", ""InvocationNotifierHandlerTest"", ""BDDMockito$BDDMyOngoingStubbing"", ""InvocationListener""]","[0.11627906976744186, 0.019736842105263157, 0.01932367149758454, 0.014097744360902255, 0.011278195488721804, 0.01088139281828074, 0.002819548872180451]","[6.128860083873428, 0.34398496240601506, 0.8062265163714439, 0.43890977443609025, 0.36654135338345867, 0.43743199129488575, 0.016917293233082706]"
org.mockito.internal.handler.InvocationNotifierHandlerTest.should_notify_all_listeners_when_called_delegate_handler_throws_exception_and_rethrow_it,0.11627906976744186,0.027773780701482113,0.002819548872180451,0.1944164649103748,0.009760405289210104,0.015514284332787637,0.0365208114373428,6.128860083873428,1.2198388535712008,0.016917293233082706,8.538871974998406,0.09898977961553956,0.41224881242540923,2.0154344541434615,"[""InvocationNotifierHandler"", ""Mockito"", ""BDDMockito"", ""NotifiedMethodInvocationReport"", ""MockHandlerImpl"", ""InvocationNotifierHandlerTest"", ""BDDMockito$BDDMyOngoingStubbing"", ""InvocationListener"", ""ParseException""]","[0.11627906976744186, 0.019736842105263157, 0.01932367149758454, 0.014097744360902255, 0.011278195488721804, 0.01088139281828074, 0.002819548872180451]","[6.128860083873428, 0.34398496240601506, 0.8062265163714439, 0.43890977443609025, 0.36654135338345867, 0.43743199129488575, 0.016917293233082706]"
org.mockito.internal.handler.InvocationNotifierHandlerTest.should_notify_all_listeners_when_called_delegate_handler_returns_ex,0.11627906976744186,0.027773780701482113,0.002819548872180451,0.1944164649103748,0.009760405289210104,0.015514284332787637,0.0365208114373428,6.128860083873428,1.2198388535712008,0.016917293233082706,8.538871974998406,0.09898977961553956,0.41224881242540923,2.0154344541434615,"[""Exception"", ""InvocationNotifierHandler"", ""Mockito"", ""BDDMockito"", ""NotifiedMethodInvocationReport"", ""MockHandlerImpl"", ""InvocationNotifierHandlerTest"", ""BDDMockito$BDDMyOngoingStubbing"", ""InvocationListener""]","[0.11627906976744186, 0.019736842105263157, 0.01932367149758454, 0.014097744360902255, 0.011278195488721804, 0.01088139281828074, 0.002819548872180451]","[6.128860083873428, 0.34398496240601506, 0.8062265163714439, 0.43890977443609025, 0.36654135338345867, 0.43743199129488575, 0.016917293233082706]"
org.mockitousage.matchers.CapturingArgumentsTest.should_capture_all_vararg,0.11627906976744186,0.03870502350068859,0.0071174377224199285,0.19352511750344298,0.016943226743404243,0.024424117415192913,0.039830835046761444,6.128860083873428,1.8928410063215098,0.1767497034400949,9.464205031607548,0.4805718892892823,0.8900953998994243,2.2328829830968657,"[""CapturingArgumentsTest"", ""Mockito"", ""Matchers"", ""Integer"", ""ArgumentCaptor"", ""IMethods""]","[0.11627906976744186, 0.03453568687643899, 0.02134959969500572, 0.014243323442136498, 0.0071174377224199285]","[6.128860083873428, 2.1845740598618573, 0.5200152497140679, 0.4540059347181009, 0.1767497034400949]"
org.mockitousage.matchers.CapturingArgumentsTest.should_capture_vararg,0.11627906976744186,0.03870502350068859,0.0071174377224199285,0.19352511750344298,0.016943226743404243,0.024424117415192913,0.039830835046761444,6.128860083873428,1.8928410063215098,0.1767497034400949,9.464205031607548,0.4805718892892823,0.8900953998994243,2.2328829830968657,"[""CapturingArgumentsTest"", ""Mockito"", ""Matchers"", ""Integer"", ""ArgumentCaptor"", ""IMethods""]","[0.11627906976744186, 0.03453568687643899, 0.02134959969500572, 0.014243323442136498, 0.0071174377224199285]","[6.128860083873428, 2.1845740598618573, 0.5200152497140679, 0.4540059347181009, 0.1767497034400949]"
org.mockitousage.matchers.CapturingArgumentsTest.should_capture_when_full_arg_list_matches,0.11627906976744186,0.03870502350068859,0.0071174377224199285,0.19352511750344298,0.016943226743404243,0.024424117415192913,0.039830835046761444,6.128860083873428,1.8928410063215098,0.1767497034400949,9.464205031607548,0.4805718892892823,0.8900953998994243,2.2328829830968657,"[""CapturingArgumentsTest"", ""Mockito"", ""Matchers"", ""Integer"", ""ArgumentCaptor"", ""List"", ""IMethods""]","[0.11627906976744186, 0.03453568687643899, 0.02134959969500572, 0.014243323442136498, 0.0071174377224199285]","[6.128860083873428, 2.1845740598618573, 0.5200152497140679, 0.4540059347181009, 0.1767497034400949]"
org.mockitousage.matchers.CapturingArgumentsTest.captures_correclty_when_captor_used_multiple_times,0.11627906976744186,0.03870502350068859,0.0071174377224199285,0.19352511750344298,0.016943226743404243,0.024424117415192913,0.039830835046761444,6.128860083873428,1.8928410063215098,0.1767497034400949,9.464205031607548,0.4805718892892823,0.8900953998994243,2.2328829830968657,"[""CapturingArgumentsTest"", ""Mockito"", ""Matchers"", ""Integer"", ""ArgumentCaptor"", ""IMethods""]","[0.11627906976744186, 0.03453568687643899, 0.02134959969500572, 0.014243323442136498, 0.0071174377224199285]","[6.128860083873428, 2.1845740598618573, 0.5200152497140679, 0.4540059347181009, 0.1767497034400949]"
org.mockitousage.matchers.CapturingArgumentsTest.should_capture_one_arg_even_when_using_vararg_captor_on_nonvararg_method,0.11627906976744186,0.03870502350068859,0.0071174377224199285,0.19352511750344298,0.016943226743404243,0.024424117415192913,0.039830835046761444,6.128860083873428,1.8928410063215098,0.1767497034400949,9.464205031607548,0.4805718892892823,0.8900953998994243,2.2328829830968657,"[""CapturingArgumentsTest"", ""Mockito"", ""Matchers"", ""Integer"", ""ArgumentCaptor"", ""IMethods""]","[0.11627906976744186, 0.03453568687643899, 0.02134959969500572, 0.014243323442136498, 0.0071174377224199285]","[6.128860083873428, 2.1845740598618573, 0.5200152497140679, 0.4540059347181009, 0.1767497034400949]"
org.mockito.internal.util.reflection.FieldInitializerTest.can_instantiate_class_with_parameterized_constructor,0.11627906976744186,0.038674845697139894,0.00774526678141136,0.19337422848569946,0.01766957887503681,0.024762381499025522,0.039769755727798686,6.128860083873428,2.0893366070643755,0.45524956970740105,10.446683035321877,0.9606241999217423,1.337738677045076,2.103610879105924,"[""Object"", ""FieldInitializerTest"", ""Mockito"", ""BDDMockito"", ""FieldInitializer"", ""BDDMockito$BDDMyOngoingStubbing"", ""Class"", ""Matchers"", ""FieldInitializer$ConstructorArgumentResolver""]","[0.11627906976744186, 0.03453568687643899, 0.01932367149758454, 0.01549053356282272, 0.00774526678141136]","[6.128860083873428, 2.1845740598618573, 0.8062265163714439, 0.8717728055077453, 0.45524956970740105]"
org.mockitousage.matchers.MoreMatchersTest.shouldHelpOutWithUnnecessaryCastingOfCollections,0.11627906976744186,0.03848159961057462,0.004402861860209136,0.1924079980528731,0.013345858995051928,0.02266387677704095,0.04008862456393105,6.128860083873428,1.8541470426620497,0.06604292790313704,9.270735213310248,0.24534748692092764,0.7021815353095001,2.2609105371396967,"[""Collections"", ""OngoingStubbing"", ""Mockito"", ""ArrayList"", ""MoreMatchersTest"", ""Matchers"", ""IMethods""]","[0.11627906976744186, 0.03453568687643899, 0.02134959969500572, 0.015840779853777416, 0.004402861860209136]","[6.128860083873428, 2.1845740598618573, 0.5200152497140679, 0.37124289195775795, 0.06604292790313704]"
org.mockitousage.matchers.MoreMatchersTest.shouldHelpOutWithUnnecessaryCastingOfMaps,0.11627906976744186,0.03848159961057462,0.004402861860209136,0.1924079980528731,0.013345858995051928,0.02266387677704095,0.04008862456393105,6.128860083873428,1.8541470426620497,0.06604292790313704,9.270735213310248,0.24534748692092764,0.7021815353095001,2.2609105371396967,"[""Collections"", ""OngoingStubbing"", ""Mockito"", ""HashMap"", ""MoreMatchersTest"", ""Matchers"", ""IMethods""]","[0.11627906976744186, 0.03453568687643899, 0.02134959969500572, 0.015840779853777416, 0.004402861860209136]","[6.128860083873428, 2.1845740598618573, 0.5200152497140679, 0.37124289195775795, 0.06604292790313704]"
org.mockitousage.matchers.MoreMatchersTest.shouldHelpOutWithUnnecessaryCasting,0.11627906976744186,0.03848159961057462,0.004402861860209136,0.1924079980528731,0.013345858995051928,0.02266387677704095,0.04008862456393105,6.128860083873428,1.8541470426620497,0.06604292790313704,9.270735213310248,0.24534748692092764,0.7021815353095001,2.2609105371396967,"[""OngoingStubbing"", ""Mockito"", ""MoreMatchersTest"", ""Matchers"", ""IMethods""]","[0.11627906976744186, 0.03453568687643899, 0.02134959969500572, 0.015840779853777416, 0.004402861860209136]","[6.128860083873428, 2.1845740598618573, 0.5200152497140679, 0.37124289195775795, 0.06604292790313704]"
org.mockitousage.matchers.MoreMatchersTest.shouldHelpOutWithUnnecessaryCastingOfLists,0.11627906976744186,0.03848159961057462,0.004402861860209136,0.1924079980528731,0.013345858995051928,0.02266387677704095,0.04008862456393105,6.128860083873428,1.8541470426620497,0.06604292790313704,9.270735213310248,0.24534748692092764,0.7021815353095001,2.2609105371396967,"[""Collections"", ""OngoingStubbing"", ""Mockito"", ""LinkedList"", ""MoreMatchersTest"", ""Matchers"", ""IMethods""]","[0.11627906976744186, 0.03453568687643899, 0.02134959969500572, 0.015840779853777416, 0.004402861860209136]","[6.128860083873428, 2.1845740598618573, 0.5200152497140679, 0.37124289195775795, 0.06604292790313704]"
org.mockitousage.matchers.MoreMatchersTest.shouldHelpOutWithUnnecessaryCastingOfSets,0.11627906976744186,0.03848159961057462,0.004402861860209136,0.1924079980528731,0.013345858995051928,0.02266387677704095,0.04008862456393105,6.128860083873428,1.8541470426620497,0.06604292790313704,9.270735213310248,0.24534748692092764,0.7021815353095001,2.2609105371396967,"[""Collections"", ""OngoingStubbing"", ""Mockito"", ""MoreMatchersTest"", ""Matchers"", ""HashSet"", ""IMethods""]","[0.11627906976744186, 0.03453568687643899, 0.02134959969500572, 0.015840779853777416, 0.004402861860209136]","[6.128860083873428, 2.1845740598618573, 0.5200152497140679, 0.37124289195775795, 0.06604292790313704]"
org.mockitousage.matchers.MoreMatchersTest.shouldHelpOutWithUnnecessaryCastingOfNullityChecks,0.11627906976744186,0.03848159961057462,0.004402861860209136,0.1924079980528731,0.013345858995051928,0.02266387677704095,0.04008862456393105,6.128860083873428,1.8541470426620497,0.06604292790313704,9.270735213310248,0.24534748692092764,0.7021815353095001,2.2609105371396967,"[""OngoingStubbing"", ""Mockito"", ""MoreMatchersTest"", ""Matchers"", ""IMethods""]","[0.11627906976744186, 0.03453568687643899, 0.02134959969500572, 0.015840779853777416, 0.004402861860209136]","[6.128860083873428, 2.1845740598618573, 0.5200152497140679, 0.37124289195775795, 0.06604292790313704]"
org.mockitousage.verification.VerificationUsingMatchersTest.shouldVerifyUsingMixedMatchers,0.11627906976744186,0.03847767081122145,0.00872093023255814,0.19238835405610724,0.017482832829429987,0.024372898091327994,0.03993760276115798,6.128860083873428,1.8600639589540209,0.1138803680981595,9.300319794770104,0.35315662440763157,0.7751661022288492,2.2558407149197226,"[""Object"", ""VerificationUsingMatchersTest"", ""Mockito"", ""Matchers"", ""AdditionalMatchers"", ""IMethods""]","[0.11627906976744186, 0.03453568687643899, 0.02134959969500572, 0.011503067484662576, 0.00872093023255814]","[6.128860083873428, 2.1845740598618573, 0.5200152497140679, 0.1138803680981595, 0.35299003322259137]"
org.mockitousage.matchers.InvalidUseOfMatchersTest.should_detect_stupid_use_of_matchers_when_verifying,0.11627906976744186,0.038420601329127,0.006901840490797546,0.192103006645635,0.016340423973736317,0.023848393350750632,0.04001555177933986,6.128860083873428,1.8103248480150238,0.03412576687116564,9.05162424007512,0.1341178610769674,0.5347560735265064,2.2914782986392632,"[""Mockito"", ""InvalidUseOfMatchersTest"", ""Matchers"", ""InvalidUseOfMatchersException"", ""IMethods""]","[0.11627906976744186, 0.03453568687643899, 0.02134959969500572, 0.01303680981595092, 0.006901840490797546]","[6.128860083873428, 2.1845740598618573, 0.5200152497140679, 0.18404907975460122, 0.03412576687116564]"
org.mockito.internal.configuration.plugins.PluginFinderTest.multiple_implementations_only_one_enabled,0.11627906976744186,0.03190136915146977,0.009478672985781991,0.19140821490881865,0.015365305927180831,0.019884544765926004,0.03813637508767015,6.128860083873428,1.1971827197565093,0.03349282296650718,7.1830963185390555,0.09916197266276926,0.26219568368423485,2.2093457081420205,"[""URI"", ""OngoingStubbing"", ""Mockito"", ""Arrays"", ""TemporaryFolder"", ""IOUtil"", ""File"", ""PluginFinderTest"", ""PluginFinder"", ""Boolean"", ""PluginSwitch""]","[0.11627906976744186, 0.026022304832713755, 0.015840779853777416, 0.014218009478672985, 0.009569377990430622, 0.009478672985781991]","[6.128860083873428, 0.275092936802974, 0.37124289195775795, 0.32701421800947866, 0.03349282296650718, 0.04739336492890995]"
org.mockito.internal.configuration.plugins.PluginFinderTest.single_implementation_disabled,0.11627906976744186,0.03190136915146977,0.009478672985781991,0.19140821490881865,0.015365305927180831,0.019884544765926004,0.03813637508767015,6.128860083873428,1.1971827197565093,0.03349282296650718,7.1830963185390555,0.09916197266276926,0.26219568368423485,2.2093457081420205,"[""URI"", ""OngoingStubbing"", ""Mockito"", ""Arrays"", ""TemporaryFolder"", ""IOUtil"", ""File"", ""PluginFinderTest"", ""PluginFinder"", ""Boolean"", ""PluginSwitch""]","[0.11627906976744186, 0.026022304832713755, 0.015840779853777416, 0.014218009478672985, 0.009569377990430622, 0.009478672985781991]","[6.128860083873428, 0.275092936802974, 0.37124289195775795, 0.32701421800947866, 0.03349282296650718, 0.04739336492890995]"
org.mockito.internal.configuration.plugins.PluginFinderTest.single_implementation,0.11627906976744186,0.03190136915146977,0.009478672985781991,0.19140821490881865,0.015365305927180831,0.019884544765926004,0.03813637508767015,6.128860083873428,1.1971827197565093,0.03349282296650718,7.1830963185390555,0.09916197266276926,0.26219568368423485,2.2093457081420205,"[""URI"", ""OngoingStubbing"", ""Mockito"", ""Arrays"", ""TemporaryFolder"", ""IOUtil"", ""File"", ""PluginFinderTest"", ""PluginFinder"", ""Boolean"", ""PluginSwitch""]","[0.11627906976744186, 0.026022304832713755, 0.015840779853777416, 0.014218009478672985, 0.009569377990430622, 0.009478672985781991]","[6.128860083873428, 0.275092936802974, 0.37124289195775795, 0.32701421800947866, 0.03349282296650718, 0.04739336492890995]"
org.mockitousage.basicapi.MocksSerializationTest.should_verify_call_order_for_serialized_mock,0.11627906976744186,0.0314600012119327,0.0025412960609911056,0.18876000727159623,0.008272667734588273,0.015815491101399123,0.03880448683728937,6.128860083873428,1.3500199950669398,0.005082592121982211,8.10011997040164,0.026478380004959563,0.26122037020739003,2.156398353822174,"[""ByteArrayOutputStream"", ""Mockito"", ""SimpleSerializationUtil"", ""MocksSerializationTest"", ""MockSettings"", ""ObjectInputStream"", ""Class"", ""ObjectOutputStream"", ""ByteArrayInputStream"", ""InOrder"", ""IMethods""]","[0.11627906976744186, 0.025594149908592323, 0.02134959969500572, 0.017437961099932932, 0.0055579307396323215, 0.0025412960609911056]","[6.128860083873428, 0.6246191346739792, 0.5200152497140679, 0.7813547954393025, 0.040188114578879865, 0.005082592121982211]"
org.mockitousage.matchers.CustomMatcherDoesYieldCCETest.shouldNotThrowCCE,0.11627906976744186,0.037684848572000704,0.005284791544333529,0.18842424286000353,0.013708678857459449,0.021843343048309673,0.04053883030648368,6.128860083873428,1.7949516777597214,0.0551967116852613,8.974758388798607,0.15492488620625047,0.5057643039723834,2.3024730176733885,"[""Object"", ""String"", ""Mockito"", ""ArgumentMatcher"", ""CustomMatcherDoesYieldCCETest"", ""CustomMatcherDoesYieldCCETest$1"", ""Matchers"", ""IMethods""]","[0.11627906976744186, 0.03453568687643899, 0.02134959969500572, 0.010975094976783452, 0.005284791544333529]","[6.128860083873428, 2.1845740598618573, 0.5200152497140679, 0.08611228366399325, 0.0551967116852613]"
org.mockitousage.basicapi.MocksSerializationTest.should_allow_method_delegation,0.11627906976744186,0.03104684049171293,0.0025412960609911056,0.1862810429502776,0.008848379930779523,0.016179875239964402,0.038789315110877534,6.128860083873428,1.3316468120187086,0.005082592121982211,7.989880872112251,0.02788225219153148,0.2762357546240939,2.162865964717487,"[""ThrowsException"", ""Object"", ""RuntimeException"", ""OngoingStubbing"", ""Mockito"", ""ByteArrayOutputStream"", ""MocksSerializationTest"", ""MockSettings"", ""SimpleSerializationUtil"", ""MocksSerializationTest$Bar"", ""ObjectInputStream"", ""Class"", ""ObjectOutputStream"", ""ByteArrayInputStream""]","[0.11627906976744186, 0.025594149908592323, 0.017437961099932932, 0.015840779853777416, 0.008587786259541985, 0.0025412960609911056]","[6.128860083873428, 0.6246191346739792, 0.7813547954393025, 0.37124289195775795, 0.07872137404580153, 0.005082592121982211]"
org.mockitousage.debugging.InvocationListenerCallbackTest.should_call_all_listener_when_mock_throws_exception,0.11627906976744186,0.026521753650717492,0.002819548872180451,0.18565227555502245,0.007027535568178479,0.012141646355755695,0.037519235506860794,6.128860083873428,1.1106936498782647,0.016917293233082706,7.774855549147852,0.04884030705679615,0.19352931629561193,2.063268286273272,"[""InvocationListenerCallbackTest"", ""RuntimeException"", ""Mockito"", ""Stubber"", ""MockSettings"", ""Foo"", ""InvocationListener"", ""InvocationListenerCallbackTest$OvenNotWorking"", ""InOrder""]","[0.11627906976744186, 0.025594149908592323, 0.02063106796116505, 0.011142061281337047, 0.0055579307396323215, 0.00362844702467344, 0.002819548872180451]","[6.128860083873428, 0.6246191346739792, 0.3446601941747573, 0.6007428040854225, 0.040188114578879865, 0.018867924528301886, 0.016917293233082706]"
org.mockitousage.basicapi.MocksSerializationTest.should_verify_even_if_some_methods_called_after_serialization,0.11627906976744186,0.03664041530639278,0.0025412960609911056,0.1832020765319639,0.009168308482347731,0.019494701623273564,0.04057000982629845,6.128860083873428,1.611986371164552,0.005082592121982211,8.059931855822759,0.024787203476507723,0.37982970164882146,2.2733909340907656,"[""ByteArrayOutputStream"", ""Mockito"", ""SimpleSerializationUtil"", ""MocksSerializationTest"", ""MockSettings"", ""ObjectInputStream"", ""Class"", ""ObjectOutputStream"", ""ByteArrayInputStream"", ""IMethods""]","[0.11627906976744186, 0.025594149908592323, 0.02134959969500572, 0.017437961099932932, 0.0025412960609911056]","[6.128860083873428, 0.6246191346739792, 0.5200152497140679, 0.7813547954393025, 0.005082592121982211]"
org.mockitousage.basicapi.ResetTest.shouldStubbingNotBeTreatedAsInteraction,0.11627906976744186,0.0366331346169511,0.009065155807365438,0.18316567308475548,0.018027725114638085,0.02362179875547517,0.04006355709421259,6.128860083873428,1.5214542675134073,0.2424929178470255,7.607271337567036,0.423546562928742,0.6295479648049755,2.305412808867084,"[""RuntimeException"", ""OngoingStubbing"", ""Mockito"", ""ResetTest"", ""Stubber"", ""IMethods""]","[0.11627906976744186, 0.02134959969500572, 0.02063106796116505, 0.015840779853777416, 0.009065155807365438]","[6.128860083873428, 0.5200152497140679, 0.3446601941747573, 0.37124289195775795, 0.2424929178470255]"
org.mockitousage.stubbing.DeepStubbingTest.inOrder_only_work_on_the_very_last_mock_but_it_works,0.11627906976744186,0.036571971013998034,0.0055579307396323215,0.18285985506999017,0.013349872613852894,0.02066009545398733,0.041039388126852316,6.128860083873428,1.9370642848072364,0.040188114578879865,9.685321424036182,0.1710061037634237,0.7187799781719008,2.2197347659815194,"[""Object"", ""OngoingStubbing"", ""Mockito"", ""DeepStubbingTest$Address"", ""DeepStubbingTest"", ""DeepStubbingTest$Person"", ""Matchers"", ""InOrder"", ""DeepStubbingTest$Street""]","[0.11627906976744186, 0.03453568687643899, 0.015840779853777416, 0.01064638783269962, 0.0055579307396323215]","[6.128860083873428, 2.1845740598618573, 0.37124289195775795, 0.9604562737642586, 0.040188114578879865]"
org.mockitousage.PlaygroundWithDemoOfUnclonedParametersProblemTest.shouldIncludeInitialLog,0.11627906976744186,0.03597854039725577,0.002911208151382824,0.17989270198627885,0.008636490130411002,0.017291658588380075,0.041641243616290013,6.128860083873428,1.8347095786580507,0.012372634643377001,9.173547893290253,0.04682844726070128,0.3538126184805153,2.2871979057484606,"[""PlaygroundWithDemoOfUnclonedParametersProblemTest$ImportLogDao"", ""BDDMockito$BDDStubber"", ""BDDMockito"", ""InvocationOnMock"", ""PlaygroundWithDemoOfUnclonedParametersProblemTest$1"", ""Boolean"", ""GregorianCalendar"", ""PlaygroundWithDemoOfUnclonedParametersProblemTest$ImportLogBean"", ""Object"", ""PlaygroundWithDemoOfUnclonedParametersProblemTest"", ""Mockito"", ""PlaygroundWithDemoOfUnclonedParametersProblemTest$ImportManager"", ""BDDMockito$BDDMyOngoingStubbing"", ""Matchers"", ""Date""]","[0.11627906976744186, 0.03453568687643899, 0.01932367149758454, 0.006843065693430657, 0.002911208151382824]","[6.128860083873428, 2.1845740598618573, 0.8062265163714439, 0.04151459854014598, 0.012372634643377001]"
org.mockitousage.PlaygroundWithDemoOfUnclonedParametersProblemTest.shouldAlterFinalLog,0.11627906976744186,0.03597854039725577,0.002911208151382824,0.17989270198627885,0.008636490130411002,0.017291658588380075,0.041641243616290013,6.128860083873428,1.8347095786580507,0.012372634643377001,9.173547893290253,0.04682844726070128,0.3538126184805153,2.2871979057484606,"[""PlaygroundWithDemoOfUnclonedParametersProblemTest$ImportLogDao"", ""BDDMockito$BDDStubber"", ""BDDMockito"", ""InvocationOnMock"", ""PlaygroundWithDemoOfUnclonedParametersProblemTest$1"", ""Boolean"", ""GregorianCalendar"", ""PlaygroundWithDemoOfUnclonedParametersProblemTest$ImportLogBean"", ""Object"", ""PlaygroundWithDemoOfUnclonedParametersProblemTest"", ""Mockito"", ""PlaygroundWithDemoOfUnclonedParametersProblemTest$ImportManager"", ""BDDMockito$BDDMyOngoingStubbing"", ""Matchers"", ""Date""]","[0.11627906976744186, 0.03453568687643899, 0.01932367149758454, 0.006843065693430657, 0.002911208151382824]","[6.128860083873428, 2.1845740598618573, 0.8062265163714439, 0.04151459854014598, 0.012372634643377001]"
org.mockito.internal.progress.MockingProgressImplTest.shouldNotifyListenerWhenMockingStarted,0.11627906976744186,0.03596827086789351,0.00749063670411985,0.17984135433946755,0.013561848192233033,0.02009656434084497,0.0413446817331952,6.128860083873428,1.6921501418243206,0.04044943820224719,8.460750709121603,0.07940393474143587,0.2737807682880773,2.367522143060678,"[""MockingProgress"", ""Mockito"", ""MockingProgressImplTest"", ""MockingStartedListener"", ""Matchers""]","[0.11627906976744186, 0.03453568687643899, 0.013409183258837871, 0.008126777732629013, 0.00749063670411985]","[6.128860083873428, 2.1845740598618573, 0.04957334416903698, 0.05729378301503454, 0.04044943820224719]"
org.mockitousage.matchers.MatchersTest.shouldArrayEqualsDealWithNullArray,0.11627906976744186,0.02993158491601156,0.0016722408026755853,0.17958950949606936,0.006705262729909418,0.014427642845903104,0.03911168875067513,6.128860083873428,1.3482087931838864,0.00459866220735786,8.089252759103319,0.02649325772818921,0.33312594747614993,2.14849101942725,"[""OngoingStubbing"", ""Mockito"", ""WantedButNotInvoked"", ""AdditionalMatchers"", ""MatchersTest"", ""IMethods""]","[0.11627906976744186, 0.02134959969500572, 0.015840779853777416, 0.015726889144610665, 0.00872093023255814, 0.0016722408026755853]","[6.128860083873428, 0.5200152497140679, 0.37124289195775795, 0.7115458381281166, 0.35299003322259137, 0.00459866220735786]"
org.mockitousage.bugs.IOOBExceptionShouldNotBeThrownWhenNotCodingFluentlyTest.second_stubbing_throws_IndexOutOfBoundsException,0.11627906976744186,0.0357454963946786,0.004730368968779565,0.178727481973393,0.01115338772988873,0.018571462693823187,0.041598169705080186,6.128860083873428,1.7614847791766448,0.04327666151468315,8.807423895883224,0.12818853576520453,0.44317222624168684,2.322376209019628,"[""Object"", ""IOOBExceptionShouldNotBeThrownWhenNotCodingFluentlyTest"", ""OngoingStubbing"", ""Map"", ""Mockito"", ""MockitoException"", ""Class"", ""Matchers""]","[0.11627906976744186, 0.03453568687643899, 0.015840779853777416, 0.007341576506955177, 0.004730368968779565]","[6.128860083873428, 2.1845740598618573, 0.37124289195775795, 0.04327666151468315, 0.07947019867549669]"
org.mockitousage.constructor.CreatingMocksWithConstructorTest.mocking_inner_classes_with_wrong_outer_instance,0.11627906976744186,0.04463268927376037,0.007341576506955177,0.1785307570950415,0.018349207492822997,0.02829006401965734,0.04219270990970294,6.128860083873428,1.8180814781588452,0.04327666151468315,7.272325912635381,0.14829083319705036,0.5298046986258766,2.4979708600939725,"[""MockitoException"", ""Throwable"", ""Mockito"", ""MockSettings"", ""CreatingMocksWithConstructorTest""]","[0.11627906976744186, 0.029315960912052116, 0.025594149908592323, 0.007341576506955177]","[6.128860083873428, 0.4755700325732899, 0.6246191346739792, 0.04327666151468315]"
org.mockitousage.constructor.CreatingMocksWithConstructorTest.prevents_across_jvm_serialization_with_constructor,0.11627906976744186,0.04463268927376037,0.007341576506955177,0.1785307570950415,0.018349207492822997,0.02829006401965734,0.04219270990970294,6.128860083873428,1.8180814781588452,0.04327666151468315,7.272325912635381,0.14829083319705036,0.5298046986258766,2.4979708600939725,"[""StringBuilder"", ""MockitoException"", ""Mockito"", ""MockSettings"", ""CreatingMocksWithConstructorTest""]","[0.11627906976744186, 0.029315960912052116, 0.025594149908592323, 0.007341576506955177]","[6.128860083873428, 0.4755700325732899, 0.6246191346739792, 0.04327666151468315]"
org.mockitousage.bugs.ParentClassNotPublicTest.hints_that_parent_not_public_when_misplaced_matchers_detected,0.11627906976744186,0.035691867554553905,0.004901960784313725,0.1784593377727695,0.011121673003802282,0.01847464879549489,0.04163312050379401,6.128860083873428,1.756015462473626,0.03412576687116564,8.78007731236813,0.10217021246188916,0.4011930290741275,2.3263739444393465,"[""ParentClassNotPublicTest"", ""Object"", ""OngoingStubbing"", ""Mockito"", ""ParentClassNotPublicTest$SuperClass"", ""Matchers"", ""Integer"", ""ParentClassNotPublicTest$ClassForMocking"", ""InvalidUseOfMatchersException""]","[0.11627906976744186, 0.03453568687643899, 0.015840779853777416, 0.006901840490797546, 0.004901960784313725]","[6.128860083873428, 2.1845740598618573, 0.37124289195775795, 0.03412576687116564, 0.061274509803921566]"
org.mockitousage.matchers.CustomMatchersTest.shouldUseCustomBooleanMatcher,0.11627906976744186,0.03558819186155403,0.010975094976783452,0.17794095930777015,0.01761949206328205,0.022545450152106586,0.040490904429564524,6.128860083873428,1.4538062030649619,0.08611228366399325,7.26903101532481,0.22187639662067885,0.4405091748350856,2.3425336720013163,"[""OngoingStubbing"", ""Mockito"", ""ArgumentMatcher"", ""CustomMatchersTest$IsAnyBoolean"", ""CustomMatchersTest"", ""IMethods""]","[0.11627906976744186, 0.02134959969500572, 0.015840779853777416, 0.013496415014761703, 0.010975094976783452]","[6.128860083873428, 0.5200152497140679, 0.37124289195775795, 0.16280050611556304, 0.08611228366399325]"
org.mockitousage.matchers.CustomMatchersTest.shouldUseCustomCharMatcher,0.11627906976744186,0.03558819186155403,0.010975094976783452,0.17794095930777015,0.01761949206328205,0.022545450152106586,0.040490904429564524,6.128860083873428,1.4538062030649619,0.08611228366399325,7.26903101532481,0.22187639662067885,0.4405091748350856,2.3425336720013163,"[""OngoingStubbing"", ""Mockito"", ""ArgumentMatcher"", ""Character"", ""CustomMatchersTest$IsSorZ"", ""CustomMatchersTest"", ""IMethods""]","[0.11627906976744186, 0.02134959969500572, 0.015840779853777416, 0.013496415014761703, 0.010975094976783452]","[6.128860083873428, 0.5200152497140679, 0.37124289195775795, 0.16280050611556304, 0.08611228366399325]"
org.mockitousage.matchers.CustomMatchersTest.shouldUseCustomPrimitiveNumberMatchers,0.11627906976744186,0.03558819186155403,0.010975094976783452,0.17794095930777015,0.01761949206328205,0.022545450152106586,0.040490904429564524,6.128860083873428,1.4538062030649619,0.08611228366399325,7.26903101532481,0.22187639662067885,0.4405091748350856,2.3425336720013163,"[""OngoingStubbing"", ""Mockito"", ""ArgumentMatcher"", ""CustomMatchersTest$IsZeroOrOne"", ""Number"", ""CustomMatchersTest"", ""IMethods""]","[0.11627906976744186, 0.02134959969500572, 0.015840779853777416, 0.013496415014761703, 0.010975094976783452]","[6.128860083873428, 0.5200152497140679, 0.37124289195775795, 0.16280050611556304, 0.08611228366399325]"
org.mockitousage.matchers.CustomMatchersTest.shouldUseCustomObjectMatcher,0.11627906976744186,0.03558819186155403,0.010975094976783452,0.17794095930777015,0.01761949206328205,0.022545450152106586,0.040490904429564524,6.128860083873428,1.4538062030649619,0.08611228366399325,7.26903101532481,0.22187639662067885,0.4405091748350856,2.3425336720013163,"[""String"", ""OngoingStubbing"", ""Mockito"", ""ArgumentMatcher"", ""CustomMatchersTest$ContainsFoo"", ""CustomMatchersTest"", ""IMethods""]","[0.11627906976744186, 0.02134959969500572, 0.015840779853777416, 0.013496415014761703, 0.010975094976783452]","[6.128860083873428, 0.5200152497140679, 0.37124289195775795, 0.16280050611556304, 0.08611228366399325]"
org.mockitousage.matchers.MatchersTest.findMatcher,0.11627906976744186,0.03558345373867876,0.00872093023255814,0.17791726869339378,0.01684525311324711,0.02220111038997976,0.04054635999918859,6.128860083873428,1.6169308193791925,0.35299003322259137,8.084654096895962,0.5544362544028995,0.7845196970272716,2.2596343130020813,"[""OngoingStubbing"", ""Mockito"", ""AdditionalMatchers"", ""MatchersTest"", ""IMethods""]","[0.11627906976744186, 0.02134959969500572, 0.015840779853777416, 0.015726889144610665, 0.00872093023255814]","[6.128860083873428, 0.5200152497140679, 0.37124289195775795, 0.7115458381281166, 0.35299003322259137]"
org.mockitousage.matchers.MatchersTest.greaterOrEqualMatcherOverloaded,0.11627906976744186,0.03558345373867876,0.00872093023255814,0.17791726869339378,0.01684525311324711,0.02220111038997976,0.04054635999918859,6.128860083873428,1.6169308193791925,0.35299003322259137,8.084654096895962,0.5544362544028995,0.7845196970272716,2.2596343130020813,"[""BigDecimal"", ""OngoingStubbing"", ""Mockito"", ""AdditionalMatchers"", ""MatchersTest"", ""IMethods""]","[0.11627906976744186, 0.02134959969500572, 0.015840779853777416, 0.015726889144610665, 0.00872093023255814]","[6.128860083873428, 0.5200152497140679, 0.37124289195775795, 0.7115458381281166, 0.35299003322259137]"
org.mockitousage.matchers.MatchersTest.orOverloaded,0.11627906976744186,0.03558345373867876,0.00872093023255814,0.17791726869339378,0.01684525311324711,0.02220111038997976,0.04054635999918859,6.128860083873428,1.6169308193791925,0.35299003322259137,8.084654096895962,0.5544362544028995,0.7845196970272716,2.2596343130020813,"[""Object"", ""OngoingStubbing"", ""Mockito"", ""AdditionalMatchers"", ""MatchersTest"", ""IMethods""]","[0.11627906976744186, 0.02134959969500572, 0.015840779853777416, 0.015726889144610665, 0.00872093023255814]","[6.128860083873428, 0.5200152497140679, 0.37124289195775795, 0.7115458381281166, 0.35299003322259137]"
org.mockitousage.matchers.MatchersTest.notNullMatcher,0.11627906976744186,0.03558345373867876,0.00872093023255814,0.17791726869339378,0.01684525311324711,0.02220111038997976,0.04054635999918859,6.128860083873428,1.6169308193791925,0.35299003322259137,8.084654096895962,0.5544362544028995,0.7845196970272716,2.2596343130020813,"[""Object"", ""OngoingStubbing"", ""Mockito"", ""AdditionalMatchers"", ""MatchersTest"", ""IMethods""]","[0.11627906976744186, 0.02134959969500572, 0.015840779853777416, 0.015726889144610665, 0.00872093023255814]","[6.128860083873428, 0.5200152497140679, 0.37124289195775795, 0.7115458381281166, 0.35299003322259137]"
org.mockitousage.matchers.MatchersTest.greaterThanMatcher,0.11627906976744186,0.03558345373867876,0.00872093023255814,0.17791726869339378,0.01684525311324711,0.02220111038997976,0.04054635999918859,6.128860083873428,1.6169308193791925,0.35299003322259137,8.084654096895962,0.5544362544028995,0.7845196970272716,2.2596343130020813,"[""OngoingStubbing"", ""Mockito"", ""AdditionalMatchers"", ""MatchersTest"", ""IMethods""]","[0.11627906976744186, 0.02134959969500572, 0.015840779853777416, 0.015726889144610665, 0.00872093023255814]","[6.128860083873428, 0.5200152497140679, 0.37124289195775795, 0.7115458381281166, 0.35299003322259137]"
org.mockitousage.matchers.MatchersTest.greaterOrEqualMatcher,0.11627906976744186,0.03558345373867876,0.00872093023255814,0.17791726869339378,0.01684525311324711,0.02220111038997976,0.04054635999918859,6.128860083873428,1.6169308193791925,0.35299003322259137,8.084654096895962,0.5544362544028995,0.7845196970272716,2.2596343130020813,"[""OngoingStubbing"", ""Mockito"", ""AdditionalMatchers"", ""MatchersTest"", ""IMethods""]","[0.11627906976744186, 0.02134959969500572, 0.015840779853777416, 0.015726889144610665, 0.00872093023255814]","[6.128860083873428, 0.5200152497140679, 0.37124289195775795, 0.7115458381281166, 0.35299003322259137]"
org.mockitousage.matchers.MatchersTest.greaterThanMatcherOverloaded,0.11627906976744186,0.03558345373867876,0.00872093023255814,0.17791726869339378,0.01684525311324711,0.02220111038997976,0.04054635999918859,6.128860083873428,1.6169308193791925,0.35299003322259137,8.084654096895962,0.5544362544028995,0.7845196970272716,2.2596343130020813,"[""BigDecimal"", ""OngoingStubbing"", ""Mockito"", ""AdditionalMatchers"", ""MatchersTest"", ""IMethods""]","[0.11627906976744186, 0.02134959969500572, 0.015840779853777416, 0.015726889144610665, 0.00872093023255814]","[6.128860083873428, 0.5200152497140679, 0.37124289195775795, 0.7115458381281166, 0.35299003322259137]"
org.mockitousage.matchers.MatchersTest.orMatcher,0.11627906976744186,0.03558345373867876,0.00872093023255814,0.17791726869339378,0.01684525311324711,0.02220111038997976,0.04054635999918859,6.128860083873428,1.6169308193791925,0.35299003322259137,8.084654096895962,0.5544362544028995,0.7845196970272716,2.2596343130020813,"[""OngoingStubbing"", ""Mockito"", ""AdditionalMatchers"", ""MatchersTest"", ""IMethods""]","[0.11627906976744186, 0.02134959969500572, 0.015840779853777416, 0.015726889144610665, 0.00872093023255814]","[6.128860083873428, 0.5200152497140679, 0.37124289195775795, 0.7115458381281166, 0.35299003322259137]"
org.mockitousage.matchers.MatchersTest.lessThanMatcher,0.11627906976744186,0.03558345373867876,0.00872093023255814,0.17791726869339378,0.01684525311324711,0.02220111038997976,0.04054635999918859,6.128860083873428,1.6169308193791925,0.35299003322259137,8.084654096895962,0.5544362544028995,0.7845196970272716,2.2596343130020813,"[""OngoingStubbing"", ""Mockito"", ""AdditionalMatchers"", ""MatchersTest"", ""IMethods""]","[0.11627906976744186, 0.02134959969500572, 0.015840779853777416, 0.015726889144610665, 0.00872093023255814]","[6.128860083873428, 0.5200152497140679, 0.37124289195775795, 0.7115458381281166, 0.35299003322259137]"
org.mockitousage.matchers.MatchersTest.lessOrEqualOverloaded,0.11627906976744186,0.03558345373867876,0.00872093023255814,0.17791726869339378,0.01684525311324711,0.02220111038997976,0.04054635999918859,6.128860083873428,1.6169308193791925,0.35299003322259137,8.084654096895962,0.5544362544028995,0.7845196970272716,2.2596343130020813,"[""BigDecimal"", ""OngoingStubbing"", ""Mockito"", ""AdditionalMatchers"", ""MatchersTest"", ""IMethods""]","[0.11627906976744186, 0.02134959969500572, 0.015840779853777416, 0.015726889144610665, 0.00872093023255814]","[6.128860083873428, 0.5200152497140679, 0.37124289195775795, 0.7115458381281166, 0.35299003322259137]"
org.mockitousage.matchers.MatchersTest.arrayEqualsMatcher,0.11627906976744186,0.03558345373867876,0.00872093023255814,0.17791726869339378,0.01684525311324711,0.02220111038997976,0.04054635999918859,6.128860083873428,1.6169308193791925,0.35299003322259137,8.084654096895962,0.5544362544028995,0.7845196970272716,2.2596343130020813,"[""OngoingStubbing"", ""Mockito"", ""Integer"", ""AdditionalMatchers"", ""MatchersTest"", ""IMethods""]","[0.11627906976744186, 0.02134959969500572, 0.015840779853777416, 0.015726889144610665, 0.00872093023255814]","[6.128860083873428, 0.5200152497140679, 0.37124289195775795, 0.7115458381281166, 0.35299003322259137]"
org.mockitousage.matchers.MatchersTest.nullMatcher,0.11627906976744186,0.03558345373867876,0.00872093023255814,0.17791726869339378,0.01684525311324711,0.02220111038997976,0.04054635999918859,6.128860083873428,1.6169308193791925,0.35299003322259137,8.084654096895962,0.5544362544028995,0.7845196970272716,2.2596343130020813,"[""Object"", ""OngoingStubbing"", ""Mockito"", ""AdditionalMatchers"", ""MatchersTest"", ""IMethods""]","[0.11627906976744186, 0.02134959969500572, 0.015840779853777416, 0.015726889144610665, 0.00872093023255814]","[6.128860083873428, 0.5200152497140679, 0.37124289195775795, 0.7115458381281166, 0.35299003322259137]"
org.mockitousage.matchers.MatchersTest.deltaMatcher,0.11627906976744186,0.03558345373867876,0.00872093023255814,0.17791726869339378,0.01684525311324711,0.02220111038997976,0.04054635999918859,6.128860083873428,1.6169308193791925,0.35299003322259137,8.084654096895962,0.5544362544028995,0.7845196970272716,2.2596343130020813,"[""OngoingStubbing"", ""Mockito"", ""AdditionalMatchers"", ""MatchersTest"", ""IMethods""]","[0.11627906976744186, 0.02134959969500572, 0.015840779853777416, 0.015726889144610665, 0.00872093023255814]","[6.128860083873428, 0.5200152497140679, 0.37124289195775795, 0.7115458381281166, 0.35299003322259137]"
org.mockitousage.matchers.MatchersTest.lessOrEqualMatcher,0.11627906976744186,0.03558345373867876,0.00872093023255814,0.17791726869339378,0.01684525311324711,0.02220111038997976,0.04054635999918859,6.128860083873428,1.6169308193791925,0.35299003322259137,8.084654096895962,0.5544362544028995,0.7845196970272716,2.2596343130020813,"[""OngoingStubbing"", ""Mockito"", ""AdditionalMatchers"", ""MatchersTest"", ""IMethods""]","[0.11627906976744186, 0.02134959969500572, 0.015840779853777416, 0.015726889144610665, 0.00872093023255814]","[6.128860083873428, 0.5200152497140679, 0.37124289195775795, 0.7115458381281166, 0.35299003322259137]"
org.mockitousage.matchers.MatchersTest.compareToMatcher,0.11627906976744186,0.03558345373867876,0.00872093023255814,0.17791726869339378,0.01684525311324711,0.02220111038997976,0.04054635999918859,6.128860083873428,1.6169308193791925,0.35299003322259137,8.084654096895962,0.5544362544028995,0.7845196970272716,2.2596343130020813,"[""BigDecimal"", ""OngoingStubbing"", ""Mockito"", ""AdditionalMatchers"", ""MatchersTest"", ""IMethods""]","[0.11627906976744186, 0.02134959969500572, 0.015840779853777416, 0.015726889144610665, 0.00872093023255814]","[6.128860083873428, 0.5200152497140679, 0.37124289195775795, 0.7115458381281166, 0.35299003322259137]"
org.mockitousage.matchers.MatchersTest.lessThanOverloaded,0.11627906976744186,0.03558345373867876,0.00872093023255814,0.17791726869339378,0.01684525311324711,0.02220111038997976,0.04054635999918859,6.128860083873428,1.6169308193791925,0.35299003322259137,8.084654096895962,0.5544362544028995,0.7845196970272716,2.2596343130020813,"[""BigDecimal"", ""OngoingStubbing"", ""Mockito"", ""AdditionalMatchers"", ""MatchersTest"", ""IMethods""]","[0.11627906976744186, 0.02134959969500572, 0.015840779853777416, 0.015726889144610665, 0.00872093023255814]","[6.128860083873428, 0.5200152497140679, 0.37124289195775795, 0.7115458381281166, 0.35299003322259137]"
org.mockitousage.basicapi.MocksSerializationTest.should_serialize_already_serializable_class,0.11627906976744186,0.03553865133814712,0.0025412960609911056,0.1776932566907356,0.008902408085082239,0.018365127884281206,0.04104235582960949,6.128860083873428,1.58223189961329,0.005082592121982211,7.91115949806645,0.024692867559908675,0.3550727435699313,2.2884120478732104,"[""Object"", ""OngoingStubbing"", ""Mockito"", ""ByteArrayOutputStream"", ""MocksSerializationTest"", ""MockSettings"", ""SimpleSerializationUtil"", ""ObjectInputStream"", ""Class"", ""ObjectOutputStream"", ""ByteArrayInputStream""]","[0.11627906976744186, 0.025594149908592323, 0.017437961099932932, 0.015840779853777416, 0.0025412960609911056]","[6.128860083873428, 0.6246191346739792, 0.7813547954393025, 0.37124289195775795, 0.005082592121982211]"
org.mockitousage.basicapi.MocksSerializationTest.should_serialize_with_real_object_spy,0.11627906976744186,0.03553865133814712,0.0025412960609911056,0.1776932566907356,0.008902408085082239,0.018365127884281206,0.04104235582960949,6.128860083873428,1.58223189961329,0.005082592121982211,7.91115949806645,0.024692867559908675,0.3550727435699313,2.2884120478732104,"[""ArrayList"", ""Mockito"", ""OngoingStubbing"", ""ByteArrayOutputStream"", ""MocksSerializationTest"", ""MockSettings"", ""SimpleSerializationUtil"", ""ObjectInputStream"", ""Class"", ""Integer"", ""ObjectOutputStream"", ""ByteArrayInputStream"", ""List""]","[0.11627906976744186, 0.025594149908592323, 0.017437961099932932, 0.015840779853777416, 0.0025412960609911056]","[6.128860083873428, 0.6246191346739792, 0.7813547954393025, 0.37124289195775795, 0.005082592121982211]"
org.mockito.internal.configuration.ClassPathLoaderTest.shouldReadConfigurationClassFromClassPath,0.11627906976744186,0.029581247294806212,0.0028835063437139563,0.17748748376883727,0.009030349272522192,0.015117295549626077,0.03921625617363719,6.128860083873428,1.1975020829829852,0.013392857142857142,7.185012497897912,0.04305936461069248,0.19015592105349394,2.2122411123138273,"[""ClassPathLoaderTest$1"", ""Object"", ""Mockito"", ""ConfigurationAccess"", ""ClassPathLoaderTest"", ""MockitoConfiguration"", ""GlobalConfiguration"", ""IMethods""]","[0.11627906976744186, 0.02134959969500572, 0.01717126073203796, 0.010875475802066341, 0.008928571428571428, 0.0028835063437139563]","[6.128860083873428, 0.5200152497140679, 0.31179394487121553, 0.19249592169657423, 0.013392857142857142, 0.01845444059976932]"
org.mockitousage.stubbing.DeepStubbingTest.times_never_atLeast_atMost_verificationModes_should_work,0.11627906976744186,0.04432548108258946,0.01064638783269962,0.17730192433035785,0.02055368206415183,0.028687131356663093,0.04248181529036029,6.128860083873428,2.4112833273643255,0.37124289195775795,9.645133309457302,0.9183276792600067,1.4781569716811322,2.243793559469092,"[""Object"", ""OngoingStubbing"", ""Mockito"", ""DeepStubbingTest$Address"", ""DeepStubbingTest"", ""DeepStubbingTest$Person"", ""Matchers"", ""DeepStubbingTest$Street""]","[0.11627906976744186, 0.03453568687643899, 0.015840779853777416, 0.01064638783269962]","[6.128860083873428, 2.1845740598618573, 0.37124289195775795, 0.9604562737642586]"
org.mockitousage.stubbing.DeepStubbingTest.withComplexPatternArguments,0.11627906976744186,0.04432548108258946,0.01064638783269962,0.17730192433035785,0.02055368206415183,0.028687131356663093,0.04248181529036029,6.128860083873428,2.4112833273643255,0.37124289195775795,9.645133309457302,0.9183276792600067,1.4781569716811322,2.243793559469092,"[""Socket"", ""ByteArrayOutputStream"", ""Mockito"", ""OngoingStubbing"", ""SocketFactory"", ""DeepStubbingTest"", ""Matchers""]","[0.11627906976744186, 0.03453568687643899, 0.015840779853777416, 0.01064638783269962]","[6.128860083873428, 2.1845740598618573, 0.37124289195775795, 0.9604562737642586]"
org.mockitousage.stubbing.DeepStubbingTest.withPatternPrimitive,0.11627906976744186,0.04432548108258946,0.01064638783269962,0.17730192433035785,0.02055368206415183,0.028687131356663093,0.04248181529036029,6.128860083873428,2.4112833273643255,0.37124289195775795,9.645133309457302,0.9183276792600067,1.4781569716811322,2.243793559469092,"[""Socket"", ""OngoingStubbing"", ""Mockito"", ""SocketFactory"", ""DeepStubbingTest"", ""Matchers"", ""Integer""]","[0.11627906976744186, 0.03453568687643899, 0.015840779853777416, 0.01064638783269962]","[6.128860083873428, 2.1845740598618573, 0.37124289195775795, 0.9604562737642586]"
org.mockitousage.stubbing.DeepStubbingTest.withAnyPatternArguments,0.11627906976744186,0.04432548108258946,0.01064638783269962,0.17730192433035785,0.02055368206415183,0.028687131356663093,0.04248181529036029,6.128860083873428,2.4112833273643255,0.37124289195775795,9.645133309457302,0.9183276792600067,1.4781569716811322,2.243793559469092,"[""Socket"", ""ByteArrayOutputStream"", ""Mockito"", ""OngoingStubbing"", ""SocketFactory"", ""DeepStubbingTest"", ""Matchers""]","[0.11627906976744186, 0.03453568687643899, 0.015840779853777416, 0.01064638783269962]","[6.128860083873428, 2.1845740598618573, 0.37124289195775795, 0.9604562737642586]"
org.mockitousage.stubbing.DeepStubbingTest.deep_stub_return_same_mock_instance_if_invocation_matchers_matches,0.11627906976744186,0.04432548108258946,0.01064638783269962,0.17730192433035785,0.02055368206415183,0.028687131356663093,0.04248181529036029,6.128860083873428,2.4112833273643255,0.37124289195775795,9.645133309457302,0.9183276792600067,1.4781569716811322,2.243793559469092,"[""Object"", ""OngoingStubbing"", ""Mockito"", ""DeepStubbingTest$Address"", ""DeepStubbingTest"", ""DeepStubbingTest$Person"", ""Matchers"", ""DeepStubbingTest$Street""]","[0.11627906976744186, 0.03453568687643899, 0.015840779853777416, 0.01064638783269962]","[6.128860083873428, 2.1845740598618573, 0.37124289195775795, 0.9604562737642586]"
org.mockitousage.stubbing.DeepStubbingTest.myTest,0.11627906976744186,0.04432548108258946,0.01064638783269962,0.17730192433035785,0.02055368206415183,0.028687131356663093,0.04248181529036029,6.128860083873428,2.4112833273643255,0.37124289195775795,9.645133309457302,0.9183276792600067,1.4781569716811322,2.243793559469092,"[""OngoingStubbing"", ""Mockito"", ""SocketFactory"", ""DeepStubbingTest"", ""Matchers""]","[0.11627906976744186, 0.03453568687643899, 0.015840779853777416, 0.01064638783269962]","[6.128860083873428, 2.1845740598618573, 0.37124289195775795, 0.9604562737642586]"
org.mockitousage.matchers.MoreMatchersTest.shouldAnyBeActualAliasToAnyObject,0.11627906976744186,0.04414180454977392,0.004402861860209136,0.17656721819909568,0.01284027362011643,0.024786979679168285,0.04299631001046589,6.128860083873428,2.2248730803381225,0.06604292790313704,8.89949232135249,0.2261726439569007,0.8234689335026666,2.38798169928742,"[""Matchers"", ""MoreMatchersTest"", ""Mockito"", ""IMethods""]","[0.11627906976744186, 0.03453568687643899, 0.02134959969500572, 0.004402861860209136]","[6.128860083873428, 2.1845740598618573, 0.5200152497140679, 0.06604292790313704]"
org.mockitousage.bugs.NPEWithCertainMatchersTest.shouldNotThrowNPEWhenNullPassedToSame,0.11627906976744186,0.0440966837363754,0.00422237860661506,0.1763867349455016,0.012452207857985535,0.024528960221291675,0.04303806325817874,6.128860083873428,2.2366874715150478,0.11330049261083744,8.946749886060191,0.35180221368418907,0.9424288865886894,2.3773650977158436,"[""Matchers"", ""Mockito"", ""NPEWithCertainMatchersTest"", ""IMethods""]","[0.11627906976744186, 0.03453568687643899, 0.02134959969500572, 0.00422237860661506]","[6.128860083873428, 2.1845740598618573, 0.5200152497140679, 0.11330049261083744]"
org.mockitousage.bugs.NPEWithCertainMatchersTest.shouldNotThrowNPEWhenIntPassed,0.11627906976744186,0.0440966837363754,0.00422237860661506,0.1763867349455016,0.012452207857985535,0.024528960221291675,0.04303806325817874,6.128860083873428,2.2366874715150478,0.11330049261083744,8.946749886060191,0.35180221368418907,0.9424288865886894,2.3773650977158436,"[""NPEWithCertainMatchersTest"", ""Mockito"", ""Matchers"", ""Integer"", ""IMethods""]","[0.11627906976744186, 0.03453568687643899, 0.02134959969500572, 0.00422237860661506]","[6.128860083873428, 2.1845740598618573, 0.5200152497140679, 0.11330049261083744]"
org.mockitousage.bugs.NPEWithCertainMatchersTest.shouldNotThrowNPEWhenIntegerPassed,0.11627906976744186,0.0440966837363754,0.00422237860661506,0.1763867349455016,0.012452207857985535,0.024528960221291675,0.04303806325817874,6.128860083873428,2.2366874715150478,0.11330049261083744,8.946749886060191,0.35180221368418907,0.9424288865886894,2.3773650977158436,"[""NPEWithCertainMatchersTest"", ""Mockito"", ""Matchers"", ""Integer"", ""IMethods""]","[0.11627906976744186, 0.03453568687643899, 0.02134959969500572, 0.00422237860661506]","[6.128860083873428, 2.1845740598618573, 0.5200152497140679, 0.11330049261083744]"
org.mockitousage.bugs.NPEWithCertainMatchersTest.shouldNotThrowNPEWhenIntegerPassedToEq,0.11627906976744186,0.0440966837363754,0.00422237860661506,0.1763867349455016,0.012452207857985535,0.024528960221291675,0.04303806325817874,6.128860083873428,2.2366874715150478,0.11330049261083744,8.946749886060191,0.35180221368418907,0.9424288865886894,2.3773650977158436,"[""NPEWithCertainMatchersTest"", ""Mockito"", ""Matchers"", ""Integer"", ""IMethods""]","[0.11627906976744186, 0.03453568687643899, 0.02134959969500572, 0.00422237860661506]","[6.128860083873428, 2.1845740598618573, 0.5200152497140679, 0.11330049261083744]"
org.mockitousage.bugs.NPEWithCertainMatchersTest.shouldNotThrowNPEWhenIntegerPassedToSame,0.11627906976744186,0.0440966837363754,0.00422237860661506,0.1763867349455016,0.012452207857985535,0.024528960221291675,0.04303806325817874,6.128860083873428,2.2366874715150478,0.11330049261083744,8.946749886060191,0.35180221368418907,0.9424288865886894,2.3773650977158436,"[""NPEWithCertainMatchersTest"", ""Mockito"", ""Matchers"", ""Integer"", ""IMethods""]","[0.11627906976744186, 0.03453568687643899, 0.02134959969500572, 0.00422237860661506]","[6.128860083873428, 2.1845740598618573, 0.5200152497140679, 0.11330049261083744]"
org.mockitousage.bugs.NPEWithCertainMatchersTest.shouldNotThrowNPEWhenNullPassedToEq,0.11627906976744186,0.0440966837363754,0.00422237860661506,0.1763867349455016,0.012452207857985535,0.024528960221291675,0.04303806325817874,6.128860083873428,2.2366874715150478,0.11330049261083744,8.946749886060191,0.35180221368418907,0.9424288865886894,2.3773650977158436,"[""Matchers"", ""Mockito"", ""NPEWithCertainMatchersTest"", ""IMethods""]","[0.11627906976744186, 0.03453568687643899, 0.02134959969500572, 0.00422237860661506]","[6.128860083873428, 2.1845740598618573, 0.5200152497140679, 0.11330049261083744]"
org.mockitousage.debugging.InvocationListenerCallbackTest.should_call_all_listener_when_mock_return_normally,0.11627906976744186,0.03519347989592584,0.00362844702467344,0.1759673994796292,0.010757976270978055,0.0187621950570412,0.041215756397656754,6.128860083873428,1.6358632927065149,0.018867924528301886,8.179316463532574,0.08670155859197781,0.5114144035102103,2.26203804300068,"[""InvocationListenerCallbackTest"", ""Object"", ""Mockito"", ""BDDMockito"", ""MockSettings"", ""Foo"", ""BDDMockito$BDDMyOngoingStubbing"", ""Class""]","[0.11627906976744186, 0.025594149908592323, 0.01932367149758454, 0.011142061281337047, 0.00362844702467344]","[6.128860083873428, 0.6246191346739792, 0.8062265163714439, 0.6007428040854225, 0.018867924528301886]"
org.mockitousage.debugging.InvocationListenerCallbackTest.should_call_single_listener_when_mock_return_normally,0.11627906976744186,0.03519347989592584,0.00362844702467344,0.1759673994796292,0.010757976270978055,0.0187621950570412,0.041215756397656754,6.128860083873428,1.6358632927065149,0.018867924528301886,8.179316463532574,0.08670155859197781,0.5114144035102103,2.26203804300068,"[""InvocationListenerCallbackTest"", ""Object"", ""Mockito"", ""BDDMockito$BDDStubber"", ""BDDMockito"", ""MockSettings"", ""Foo"", ""Class""]","[0.11627906976744186, 0.025594149908592323, 0.01932367149758454, 0.011142061281337047, 0.00362844702467344]","[6.128860083873428, 0.6246191346739792, 0.8062265163714439, 0.6007428040854225, 0.018867924528301886]"
org.mockito.internal.util.MockUtilTest.should_not_redefine_MockName_if_default,0.11627906976744186,0.04385169886960325,0.006134969325153374,0.175406795478413,0.01524733565332158,0.02540573851706697,0.043320909539097945,6.128860083873428,1.7029654655213364,0.05242610150585611,6.811861862085346,0.1426613410997743,0.3895252300125074,2.56025560062482,"[""MockName"", ""MockUtilTest"", ""MockUtil"", ""Mockito""]","[0.11627906976744186, 0.03736179946626001, 0.015630956919557758, 0.006134969325153374]","[6.128860083873428, 0.48189096454441477, 0.14868471216164697, 0.05242610150585611]"
org.mockito.internal.util.MockUtilTest.should_redefine_MockName_if_default,0.11627906976744186,0.04385169886960325,0.006134969325153374,0.175406795478413,0.01524733565332158,0.02540573851706697,0.043320909539097945,6.128860083873428,1.7029654655213364,0.05242610150585611,6.811861862085346,0.1426613410997743,0.3895252300125074,2.56025560062482,"[""MockName"", ""MockUtilTest"", ""MockUtil"", ""Mockito""]","[0.11627906976744186, 0.03736179946626001, 0.015630956919557758, 0.006134969325153374]","[6.128860083873428, 0.48189096454441477, 0.14868471216164697, 0.05242610150585611]"
org.mockitousage.stacktrace.StackTraceFilteringTest.shouldShowProperExceptionStackTrace,0.11627906976744186,0.03498787690508786,0.008357709987463435,0.1749393845254393,0.01589915121451136,0.02122688701032266,0.040862163169286585,6.128860083873428,1.4834152502357791,0.1065608023401588,7.417076251178895,0.2839665108572529,0.5160939583207322,2.3265530211535217,"[""StackTraceFilteringTest"", ""StringBuilder"", ""Object"", ""RuntimeException"", ""OngoingStubbing"", ""Mockito"", ""String"", ""Throwable"", ""StackTraceElement"", ""ExtraMatchers$3"", ""ExtraMatchers"", ""IMethods""]","[0.11627906976744186, 0.02134959969500572, 0.015840779853777416, 0.013112225221750868, 0.008357709987463435]","[6.128860083873428, 0.5200152497140679, 0.37124289195775795, 0.29039722329348244, 0.1065608023401588]"
org.mockitousage.stacktrace.StackTraceFilteringTest.shouldFilterStackTraceWhenThrowingExceptionFromMockHandler,0.11627906976744186,0.03498787690508786,0.008357709987463435,0.1749393845254393,0.01589915121451136,0.02122688701032266,0.040862163169286585,6.128860083873428,1.4834152502357791,0.1065608023401588,7.417076251178895,0.2839665108572529,0.5160939583207322,2.3265530211535217,"[""Exception"", ""StackTraceFilteringTest"", ""StringBuilder"", ""Object"", ""String"", ""OngoingStubbing"", ""Mockito"", ""Throwable"", ""StackTraceElement"", ""ExtraMatchers$3"", ""ExtraMatchers"", ""IMethods""]","[0.11627906976744186, 0.02134959969500572, 0.015840779853777416, 0.013112225221750868, 0.008357709987463435]","[6.128860083873428, 0.5200152497140679, 0.37124289195775795, 0.29039722329348244, 0.1065608023401588]"
org.mockitousage.verification.DescriptiveMessagesWhenVerificationFailsTest.should_print_method_when_missing_invocation_with_array_matcher,0.11627906976744186,0.034980172026956816,0.007171671896010758,0.1749008601347841,0.01403244716580342,0.020147203378824637,0.041092918139618934,6.128860083873428,1.48111372423319,0.02330793366203496,7.4055686211659495,0.09910446342544942,0.39790503424576235,2.329579287785864,"[""Mockito"", ""DescriptiveMessagesWhenVerificationFailsTest"", ""ArgumentsAreDifferent"", ""AdditionalMatchers"", ""IMethods""]","[0.11627906976744186, 0.021379588543767647, 0.02134959969500572, 0.00872093023255814, 0.007171671896010758]","[6.128860083873428, 0.38039532069382814, 0.5200152497140679, 0.35299003322259137, 0.02330793366203496]"
org.mockito.internal.stubbing.answers.AnswersValidatorTest.should_be_OK_when_calling_real_method_on_concrete_class,0.11627906976744186,0.0349671256864188,0.008069522036002483,0.174835628432094,0.014946002774591283,0.02053494877511248,0.04110740906153255,6.128860083873428,1.4976136163856464,0.11421477343265053,7.488068081928232,0.29400308642708284,0.5317778245320008,2.3207345667546786,"[""CallsRealMethods"", ""ArrayList"", ""Mockito"", ""AnswersValidator"", ""AnswersValidatorTest"", ""MockitoCore""]","[0.11627906976744186, 0.026026604973973393, 0.012470023980815348, 0.011990407673860911, 0.008069522036002483]","[6.128860083873428, 0.5696934644303066, 0.2517985611510791, 0.4235011990407674, 0.11421477343265053]"
org.mockitousage.stubbing.StubbingUsingDoReturnTest.shouldScreamWhenReturnSetForVoid,0.11627906976744186,0.03494193105073485,0.007341576506955177,0.17470965525367424,0.014289393847515356,0.02027348098825585,0.04107173319408606,6.128860083873428,1.4381390437997785,0.04327666151468315,7.190695218998893,0.14453717408001843,0.37397819296297663,2.3510195978273907,"[""MockitoException"", ""StubbingUsingDoReturnTest"", ""Mockito"", ""Stubber"", ""IMethods""]","[0.11627906976744186, 0.02134959969500572, 0.02063106796116505, 0.009108341323106424, 0.007341576506955177]","[6.128860083873428, 0.5200152497140679, 0.3446601941747573, 0.1538830297219559, 0.04327666151468315]"
org.mockitousage.stubbing.StubbingUsingDoReturnTest.shouldNotAllowDoNothingOnNonVoids,0.11627906976744186,0.03494193105073485,0.007341576506955177,0.17470965525367424,0.014289393847515356,0.02027348098825585,0.04107173319408606,6.128860083873428,1.4381390437997785,0.04327666151468315,7.190695218998893,0.14453717408001843,0.37397819296297663,2.3510195978273907,"[""MockitoException"", ""StubbingUsingDoReturnTest"", ""Mockito"", ""Stubber"", ""IMethods""]","[0.11627906976744186, 0.02134959969500572, 0.02063106796116505, 0.009108341323106424, 0.007341576506955177]","[6.128860083873428, 0.5200152497140679, 0.3446601941747573, 0.1538830297219559, 0.04327666151468315]"
org.mockito.internal.InvalidStateDetectionTest.shouldDetectUnfinishedDoAnswerStubbing,0.11627906976744186,0.029029414392065776,0.0028776978417266188,0.17417648635239466,0.008264999885050655,0.014082797346336738,0.03949034491360192,6.128860083873428,1.2034866460322424,0.012470023980815348,7.220919876193454,0.04913325175877583,0.19528794364890215,2.211527979695697,"[""InvalidStateDetectionTest$OnStub"", ""InvalidStateDetectionTest$OnMethodCallOnMock"", ""InvalidStateDetectionTest$OnStubVoid"", ""IMethods"", ""Object"", ""InvalidStateDetectionTest$OnDoAnswer"", ""InvalidStateDetectionTest"", ""Mockito"", ""InvalidStateDetectionTest$OnVerifyZeroInteractions"", ""InvalidStateDetectionTest$DetectsInvalidState"", ""InvalidStateDetectionTest$OnVerify"", ""ThreadSafeMockingProgress"", ""InvalidStateDetectionTest$OnVerifyNoMoreInteractions"", ""InOrder"", ""InvalidStateDetectionTest$OnVerifyInOrder"", ""StateMaster""]","[0.11627906976744186, 0.02134959969500572, 0.015109343936381709, 0.01300284437220642, 0.0055579307396323215, 0.0028776978417266188]","[6.128860083873428, 0.5200152497140679, 0.4405566600397614, 0.07882974400650142, 0.040188114578879865, 0.012470023980815348]"
org.mockito.internal.InvalidStateDetectionTest.shouldDetectUnfinishedStubbing,0.11627906976744186,0.029029414392065776,0.0028776978417266188,0.17417648635239466,0.008264999885050655,0.014082797346336738,0.03949034491360192,6.128860083873428,1.2034866460322424,0.012470023980815348,7.220919876193454,0.04913325175877583,0.19528794364890215,2.211527979695697,"[""InvalidStateDetectionTest$OnStub"", ""InvalidStateDetectionTest$OnMethodCallOnMock"", ""InvalidStateDetectionTest$OnStubVoid"", ""IMethods"", ""Object"", ""InvalidStateDetectionTest$OnDoAnswer"", ""InvalidStateDetectionTest"", ""Mockito"", ""InvalidStateDetectionTest$OnVerifyZeroInteractions"", ""InvalidStateDetectionTest$DetectsInvalidState"", ""InvalidStateDetectionTest$OnVerify"", ""ThreadSafeMockingProgress"", ""InvalidStateDetectionTest$OnVerifyNoMoreInteractions"", ""InOrder"", ""InvalidStateDetectionTest$OnVerifyInOrder"", ""StateMaster""]","[0.11627906976744186, 0.02134959969500572, 0.015109343936381709, 0.01300284437220642, 0.0055579307396323215, 0.0028776978417266188]","[6.128860083873428, 0.5200152497140679, 0.4405566600397614, 0.07882974400650142, 0.040188114578879865, 0.012470023980815348]"
org.mockito.internal.InvalidStateDetectionTest.shouldDetectUnfinishedStubbingVoid,0.11627906976744186,0.029029414392065776,0.0028776978417266188,0.17417648635239466,0.008264999885050655,0.014082797346336738,0.03949034491360192,6.128860083873428,1.2034866460322424,0.012470023980815348,7.220919876193454,0.04913325175877583,0.19528794364890215,2.211527979695697,"[""InvalidStateDetectionTest$OnStub"", ""InvalidStateDetectionTest$OnMethodCallOnMock"", ""InvalidStateDetectionTest$OnStubVoid"", ""IMethods"", ""Object"", ""InvalidStateDetectionTest$OnDoAnswer"", ""InvalidStateDetectionTest"", ""Mockito"", ""InvalidStateDetectionTest$OnVerifyZeroInteractions"", ""InvalidStateDetectionTest$DetectsInvalidState"", ""InvalidStateDetectionTest$OnVerify"", ""ThreadSafeMockingProgress"", ""InvalidStateDetectionTest$OnVerifyNoMoreInteractions"", ""InOrder"", ""InvalidStateDetectionTest$OnVerifyInOrder"", ""StateMaster""]","[0.11627906976744186, 0.02134959969500572, 0.015109343936381709, 0.01300284437220642, 0.0055579307396323215, 0.0028776978417266188]","[6.128860083873428, 0.5200152497140679, 0.4405566600397614, 0.07882974400650142, 0.040188114578879865, 0.012470023980815348]"
org.mockitousage.debugging.VerboseLoggingOfInvocationsOnMockTest.usage,0.11627906976744186,0.0348220778532146,0.00362844702467344,0.17411038926607303,0.010357940841360738,0.018090367832634263,0.04143857894942136,6.128860083873428,1.699930145074203,0.018867924528301886,8.499650725371016,0.0875807519847623,0.5570503271965096,2.2362022563303716,"[""Mockito"", ""BDDMockito"", ""MockSettings"", ""Foo"", ""BDDMockito$BDDMyOngoingStubbing"", ""VerboseLoggingOfInvocationsOnMockTest""]","[0.11627906976744186, 0.025594149908592323, 0.01932367149758454, 0.009285051067780872, 0.00362844702467344]","[6.128860083873428, 0.6246191346739792, 0.8062265163714439, 0.9210770659238626, 0.018867924528301886]"
org.mockitousage.stubbing.BasicStubbingTest.should_allow_stubbing_to_string,0.11627906976744186,0.04351414082695941,0.015840779853777416,0.17405656330783764,0.02393180895486262,0.02999617151659429,0.042063836113591296,6.128860083873428,1.8317546802902402,0.3069004956157072,7.327018721160961,0.49762246150501915,0.7762701399584474,2.482138702390023,"[""BasicStubbingTest"", ""IMethods"", ""OngoingStubbing"", ""Mockito""]","[0.11627906976744186, 0.02134959969500572, 0.020587113991612657, 0.015840779853777416]","[6.128860083873428, 0.5200152497140679, 0.3069004956157072, 0.37124289195775795]"
org.mockitousage.stubbing.BasicStubbingTest.should_stubbing_be_treated_as_interaction,0.11627906976744186,0.04351414082695941,0.015840779853777416,0.17405656330783764,0.02393180895486262,0.02999617151659429,0.042063836113591296,6.128860083873428,1.8317546802902402,0.3069004956157072,7.327018721160961,0.49762246150501915,0.7762701399584474,2.482138702390023,"[""OngoingStubbing"", ""Mockito"", ""BasicStubbingTest"", ""Boolean"", ""IMethods""]","[0.11627906976744186, 0.02134959969500572, 0.020587113991612657, 0.015840779853777416]","[6.128860083873428, 0.5200152497140679, 0.3069004956157072, 0.37124289195775795]"
org.mockitousage.serialization.DeepStubsSerializableTest.should_serialize_and_deserialize_parameterized_class_mocked_with_deep_stubs,0.11627906976744186,0.03466733818792798,0.0025412960609911056,0.17333669093963988,0.008609644399610285,0.017339063224914786,0.04146148161043521,6.128860083873428,1.49253070796729,0.005082592121982211,7.46265353983645,0.024484340307606038,0.29936228720891905,2.326519756459188,"[""DeepStubsSerializableTest"", ""Object"", ""OngoingStubbing"", ""Mockito"", ""DeepStubsSerializableTest$Container$1"", ""ByteArrayOutputStream"", ""SimpleSerializationUtil"", ""MockSettings"", ""ObjectInputStream"", ""DeepStubsSerializableTest$Container"", ""Class"", ""Boolean"", ""Iterator"", ""ObjectOutputStream"", ""ByteArrayInputStream"", ""List"", ""DeepStubsSerializableTest$ListContainer""]","[0.11627906976744186, 0.025594149908592323, 0.015840779853777416, 0.01308139534883721, 0.0025412960609911056]","[6.128860083873428, 0.6246191346739792, 0.37124289195775795, 0.3328488372093023, 0.005082592121982211]"
org.mockitousage.serialization.DeepStubsSerializableTest.should_serialize_and_deserialize_mock_created_with_deep_stubs,0.11627906976744186,0.03466733818792798,0.0025412960609911056,0.17333669093963988,0.008609644399610285,0.017339063224914786,0.04146148161043521,6.128860083873428,1.49253070796729,0.005082592121982211,7.46265353983645,0.024484340307606038,0.29936228720891905,2.326519756459188,"[""DeepStubsSerializableTest"", ""Object"", ""OngoingStubbing"", ""Mockito"", ""Integer"", ""ByteArrayOutputStream"", ""SimpleSerializationUtil"", ""MockSettings"", ""ObjectInputStream"", ""DeepStubsSerializableTest$SampleClass2"", ""DeepStubsSerializableTest$SampleClass"", ""Class"", ""Boolean"", ""ObjectOutputStream"", ""ByteArrayInputStream""]","[0.11627906976744186, 0.025594149908592323, 0.015840779853777416, 0.01308139534883721, 0.0025412960609911056]","[6.128860083873428, 0.6246191346739792, 0.37124289195775795, 0.3328488372093023, 0.005082592121982211]"
org.mockitousage.serialization.DeepStubsSerializableTest.should_discard_generics_metadata_when_serialized_then_disabling_deep_stubs_with_generics,0.11627906976744186,0.03466733818792798,0.0025412960609911056,0.17333669093963988,0.008609644399610285,0.017339063224914786,0.04146148161043521,6.128860083873428,1.49253070796729,0.005082592121982211,7.46265353983645,0.024484340307606038,0.29936228720891905,2.326519756459188,"[""DeepStubsSerializableTest"", ""Object"", ""OngoingStubbing"", ""Mockito"", ""DeepStubsSerializableTest$Container$1"", ""ByteArrayOutputStream"", ""SimpleSerializationUtil"", ""MockSettings"", ""ObjectInputStream"", ""DeepStubsSerializableTest$Container"", ""Class"", ""Boolean"", ""Iterator"", ""ObjectOutputStream"", ""ByteArrayInputStream"", ""List"", ""DeepStubsSerializableTest$ListContainer""]","[0.11627906976744186, 0.025594149908592323, 0.015840779853777416, 0.01308139534883721, 0.0025412960609911056]","[6.128860083873428, 0.6246191346739792, 0.37124289195775795, 0.3328488372093023, 0.005082592121982211]"
org.mockito.internal.util.reflection.ParameterizedConstructorInstantiatorTest.should_instantiate_type_if_resolver_provide_matching_types,0.11627906976744186,0.04321891360470941,0.002737226277372263,0.17287565441883765,0.008798191482861857,0.021468045067126827,0.04365470893604666,6.128860083873428,2.2815118803551497,0.006386861313868613,9.126047521420599,0.025247314424776447,0.5124160929531211,2.35394062677935,"[""Object"", ""Field"", ""ParameterizedConstructorInstantiatorTest"", ""Mockito"", ""BDDMockito"", ""FieldInitializer$ParameterizedConstructorInstantiator"", ""BDDMockito$BDDMyOngoingStubbing"", ""Class"", ""Matchers"", ""FieldInitializer$ConstructorArgumentResolver""]","[0.11627906976744186, 0.03453568687643899, 0.01932367149758454, 0.002737226277372263]","[6.128860083873428, 2.1845740598618573, 0.8062265163714439, 0.006386861313868613]"
org.mockitousage.serialization.ParallelSerializationTest.single_mock_being_serialized_in_different_classloaders_by_multiple_threads,0.11627906976744186,0.03442996229457988,0.0025412960609911056,0.17214981147289943,0.0077566194436287685,0.015946269514863026,0.04183733204741216,6.128860083873428,1.4850896138646863,0.005082592121982211,7.425448069323432,0.024125934956140658,0.27189829337142346,2.3331365999871916,"[""Future"", ""SimpleSerializationUtil"", ""MockSettings"", ""Random"", ""ObjectOutputStream"", ""ParallelSerializationTest$1"", ""Executors"", ""List"", ""Object"", ""ArrayList"", ""Mockito"", ""ParallelSerializationTest$2"", ""ByteArrayOutputStream"", ""ExecutorService"", ""ParallelSerializationTest"", ""CyclicBarrier"", ""Iterator"", ""IMethods""]","[0.11627906976744186, 0.025594149908592323, 0.02134959969500572, 0.006385696040868455, 0.0025412960609911056]","[6.128860083873428, 0.6246191346739792, 0.5200152497140679, 0.14687100893997446, 0.005082592121982211]"
org.mockitousage.basicapi.MocksSerializationForAnnotationTest.should_serialize_with_real_object_spy,0.11627906976744186,0.034267807886633445,0.0025412960609911056,0.17133903943316722,0.008410119746139663,0.016773825164622606,0.04167662932233753,6.128860083873428,1.6631530587520302,0.005082592121982211,8.315765293760151,0.024746228577446086,0.385977270890906,2.2657022817753036,"[""ArrayList"", ""Mockito"", ""Integer"", ""OngoingStubbing"", ""ByteArrayOutputStream"", ""SimpleSerializationUtil"", ""MockSettings"", ""ObjectInputStream"", ""Class"", ""MocksSerializationForAnnotationTest"", ""ObjectOutputStream"", ""ByteArrayInputStream"", ""List""]","[0.11627906976744186, 0.025594149908592323, 0.015840779853777416, 0.011083743842364532, 0.0025412960609911056]","[6.128860083873428, 0.6246191346739792, 0.37124289195775795, 1.185960591133005, 0.005082592121982211]"
org.mockitousage.constructor.CreatingMocksWithConstructorTest.mocking_interfaces_with_constructor,0.11627906976744186,0.05706306019602877,0.025594149908592323,0.1711891805880863,0.03668264658502028,0.044352230334237894,0.0418996007256842,6.128860083873428,2.409683083706899,0.4755700325732899,7.229049251120697,0.7758197037230616,1.221058554426446,2.6305591392496805,"[""CreatingMocksWithConstructorTest"", ""MockSettings"", ""Mockito""]","[0.11627906976744186, 0.029315960912052116, 0.025594149908592323]","[6.128860083873428, 0.4755700325732899, 0.6246191346739792]"
org.mockitousage.constructor.CreatingMocksWithConstructorTest.can_mock_inner_classes,0.11627906976744186,0.05706306019602877,0.025594149908592323,0.1711891805880863,0.03668264658502028,0.044352230334237894,0.0418996007256842,6.128860083873428,2.409683083706899,0.4755700325732899,7.229049251120697,0.7758197037230616,1.221058554426446,2.6305591392496805,"[""CreatingMocksWithConstructorTest$InnerClass"", ""CreatingMocksWithConstructorTest"", ""Object"", ""Mockito"", ""MockSettings"", ""CreatingMocksWithConstructorTest$AbstractMessage""]","[0.11627906976744186, 0.029315960912052116, 0.025594149908592323]","[6.128860083873428, 0.4755700325732899, 0.6246191346739792]"
org.mockitousage.constructor.CreatingMocksWithConstructorTest.calls_real_interface_method,0.11627906976744186,0.05706306019602877,0.025594149908592323,0.1711891805880863,0.03668264658502028,0.044352230334237894,0.0418996007256842,6.128860083873428,2.409683083706899,0.4755700325732899,7.229049251120697,0.7758197037230616,1.221058554426446,2.6305591392496805,"[""CreatingMocksWithConstructorTest"", ""MockSettings"", ""List"", ""Mockito""]","[0.11627906976744186, 0.029315960912052116, 0.025594149908592323]","[6.128860083873428, 0.4755700325732899, 0.6246191346739792]"
org.mockitousage.constructor.CreatingMocksWithConstructorTest.can_mock_abstract_classes,0.11627906976744186,0.05706306019602877,0.025594149908592323,0.1711891805880863,0.03668264658502028,0.044352230334237894,0.0418996007256842,6.128860083873428,2.409683083706899,0.4755700325732899,7.229049251120697,0.7758197037230616,1.221058554426446,2.6305591392496805,"[""CreatingMocksWithConstructorTest"", ""Object"", ""Mockito"", ""MockSettings"", ""CreatingMocksWithConstructorTest$AbstractMessage""]","[0.11627906976744186, 0.029315960912052116, 0.025594149908592323]","[6.128860083873428, 0.4755700325732899, 0.6246191346739792]"
org.mockitousage.constructor.CreatingMocksWithConstructorTest.can_create_mock_with_constructor,0.11627906976744186,0.05706306019602877,0.025594149908592323,0.1711891805880863,0.03668264658502028,0.044352230334237894,0.0418996007256842,6.128860083873428,2.409683083706899,0.4755700325732899,7.229049251120697,0.7758197037230616,1.221058554426446,2.6305591392496805,"[""CreatingMocksWithConstructorTest"", ""CreatingMocksWithConstructorTest$Message"", ""Object"", ""Mockito"", ""MockSettings"", ""CreatingMocksWithConstructorTest$AbstractMessage""]","[0.11627906976744186, 0.029315960912052116, 0.025594149908592323]","[6.128860083873428, 0.4755700325732899, 0.6246191346739792]"
org.mockitousage.matchers.VerificationAndStubbingUsingMatchersTest.shouldVerifyUsingMatchers,0.11627906976744186,0.0340442714564381,0.00718849840255591,0.17022135728219048,0.013802858000564825,0.019336762178127954,0.041414077307739876,6.128860083873428,1.4661306771841338,0.03194888178913738,7.3306533859206695,0.12604176826331415,0.40224797240732973,2.336754086557823,"[""VerificationAndStubbingUsingMatchersTest"", ""RuntimeException"", ""OngoingStubbing"", ""Mockito"", ""VoidMethodStubbable"", ""IMethods""]","[0.11627906976744186, 0.02134959969500572, 0.015840779853777416, 0.009563409563409564, 0.00718849840255591]","[6.128860083873428, 0.5200152497140679, 0.37124289195775795, 0.2785862785862786, 0.03194888178913738]"
org.mockito.internal.util.MockUtilTest.should_get_mock_settings,0.11627906976744186,0.05642394205108655,0.015630956919557758,0.16927182615325964,0.030199037058081662,0.040797946113027596,0.04324376344170564,6.128860083873428,2.2531452535264966,0.14868471216164697,6.75943576057949,0.33467345017605116,0.7600898542603599,2.7439182065415264,"[""MockUtilTest"", ""MockUtil"", ""Mockito""]","[0.11627906976744186, 0.03736179946626001, 0.015630956919557758]","[6.128860083873428, 0.48189096454441477, 0.14868471216164697]"
org.mockito.internal.util.MockUtilTest.should_validate_mock,0.11627906976744186,0.05642394205108655,0.015630956919557758,0.16927182615325964,0.030199037058081662,0.040797946113027596,0.04324376344170564,6.128860083873428,2.2531452535264966,0.14868471216164697,6.75943576057949,0.33467345017605116,0.7600898542603599,2.7439182065415264,"[""MockUtilTest"", ""MockUtil"", ""Mockito""]","[0.11627906976744186, 0.03736179946626001, 0.015630956919557758]","[6.128860083873428, 0.48189096454441477, 0.14868471216164697]"
org.mockito.internal.util.MockUtilTest.should_get_handler,0.11627906976744186,0.05642394205108655,0.015630956919557758,0.16927182615325964,0.030199037058081662,0.040797946113027596,0.04324376344170564,6.128860083873428,2.2531452535264966,0.14868471216164697,6.75943576057949,0.33467345017605116,0.7600898542603599,2.7439182065415264,"[""MockUtilTest"", ""MockUtil"", ""Mockito""]","[0.11627906976744186, 0.03736179946626001, 0.015630956919557758]","[6.128860083873428, 0.48189096454441477, 0.14868471216164697]"
org.mockitousage.matchers.MatchersTest.startsWithMatcher,0.11627906976744186,0.04229908461520891,0.015726889144610665,0.16919633846083565,0.021959578743650624,0.028043206326170286,0.042772779265915425,6.128860083873428,1.9329160159183425,0.37124289195775795,7.73166406367337,0.6467020988962091,0.9578868343368299,2.4255310374144994,"[""IMethods"", ""MatchersTest"", ""OngoingStubbing"", ""Mockito""]","[0.11627906976744186, 0.02134959969500572, 0.015840779853777416, 0.015726889144610665]","[6.128860083873428, 0.5200152497140679, 0.37124289195775795, 0.7115458381281166]"
org.mockitousage.matchers.MatchersTest.anyMatcher,0.11627906976744186,0.04229908461520891,0.015726889144610665,0.16919633846083565,0.021959578743650624,0.028043206326170286,0.042772779265915425,6.128860083873428,1.9329160159183425,0.37124289195775795,7.73166406367337,0.6467020988962091,0.9578868343368299,2.4255310374144994,"[""OngoingStubbing"", ""Mockito"", ""Integer"", ""MatchersTest"", ""IMethods""]","[0.11627906976744186, 0.02134959969500572, 0.015840779853777416, 0.015726889144610665]","[6.128860083873428, 0.5200152497140679, 0.37124289195775795, 0.7115458381281166]"
org.mockitousage.matchers.MatchersTest.anyXMatcher,0.11627906976744186,0.04229908461520891,0.015726889144610665,0.16919633846083565,0.021959578743650624,0.028043206326170286,0.042772779265915425,6.128860083873428,1.9329160159183425,0.37124289195775795,7.73166406367337,0.6467020988962091,0.9578868343368299,2.4255310374144994,"[""Object"", ""OngoingStubbing"", ""Mockito"", ""HashMap"", ""MatchersTest"", ""IMethods""]","[0.11627906976744186, 0.02134959969500572, 0.015840779853777416, 0.015726889144610665]","[6.128860083873428, 0.5200152497140679, 0.37124289195775795, 0.7115458381281166]"
org.mockitousage.matchers.MatchersTest.sameMatcher,0.11627906976744186,0.04229908461520891,0.015726889144610665,0.16919633846083565,0.021959578743650624,0.028043206326170286,0.042772779265915425,6.128860083873428,1.9329160159183425,0.37124289195775795,7.73166406367337,0.6467020988962091,0.9578868343368299,2.4255310374144994,"[""String"", ""OngoingStubbing"", ""Mockito"", ""MatchersTest"", ""IMethods""]","[0.11627906976744186, 0.02134959969500572, 0.015840779853777416, 0.015726889144610665]","[6.128860083873428, 0.5200152497140679, 0.37124289195775795, 0.7115458381281166]"
org.mockitousage.matchers.MatchersTest.anyStringMatcher,0.11627906976744186,0.04229908461520891,0.015726889144610665,0.16919633846083565,0.021959578743650624,0.028043206326170286,0.042772779265915425,6.128860083873428,1.9329160159183425,0.37124289195775795,7.73166406367337,0.6467020988962091,0.9578868343368299,2.4255310374144994,"[""IMethods"", ""MatchersTest"", ""OngoingStubbing"", ""Mockito""]","[0.11627906976744186, 0.02134959969500572, 0.015840779853777416, 0.015726889144610665]","[6.128860083873428, 0.5200152497140679, 0.37124289195775795, 0.7115458381281166]"
org.mockitousage.matchers.MatchersTest.matchesMatcher,0.11627906976744186,0.04229908461520891,0.015726889144610665,0.16919633846083565,0.021959578743650624,0.028043206326170286,0.042772779265915425,6.128860083873428,1.9329160159183425,0.37124289195775795,7.73166406367337,0.6467020988962091,0.9578868343368299,2.4255310374144994,"[""IMethods"", ""MatchersTest"", ""OngoingStubbing"", ""Mockito""]","[0.11627906976744186, 0.02134959969500572, 0.015840779853777416, 0.015726889144610665]","[6.128860083873428, 0.5200152497140679, 0.37124289195775795, 0.7115458381281166]"
org.mockitousage.basicapi.MockingDetailsTest.should_know_spy,0.11627906976744186,0.04212821482891845,0.012,0.1685128593156738,0.020068991753702747,0.02688985576252432,0.04311338448097527,6.128860083873428,1.8281085433755906,0.229,7.312434173502362,0.4366017650656345,0.733366862099244,2.487290839344381,"[""Object"", ""Mockito"", ""MockSettings"", ""MockingDetailsTest$TestClass"", ""MockingDetailsTest"", ""MockingDetails""]","[0.11627906976744186, 0.025594149908592323, 0.01463963963963964, 0.012]","[6.128860083873428, 0.6246191346739792, 0.32995495495495497, 0.229]"
org.mockitousage.stubbing.StubbingWithExtraAnswersTest.shouldWorkAsStandardMockito,0.11627906976744186,0.03369546964207597,0.001579778830963665,0.16847734821037982,0.0060529897188058915,0.015284663074620208,0.04179340741571657,6.128860083873428,1.4439920495324314,0.0007898894154818325,7.219960247662157,0.0039190983757990015,0.17943923648092908,2.348838872820154,"[""ReturnsElementsOf"", ""OngoingStubbing"", ""Mockito"", ""Arrays"", ""StubbingWithExtraAnswersTest"", ""Integer"", ""IMethods""]","[0.11627906976744186, 0.02134959969500572, 0.015840779853777416, 0.013428120063191154, 0.001579778830963665]","[6.128860083873428, 0.5200152497140679, 0.37124289195775795, 0.1990521327014218, 0.0007898894154818325]"
org.mockitousage.stubbing.StubbingWithExtraAnswersTest.shouldReturnNullIfNecessary,0.11627906976744186,0.03369546964207597,0.001579778830963665,0.16847734821037982,0.0060529897188058915,0.015284663074620208,0.04179340741571657,6.128860083873428,1.4439920495324314,0.0007898894154818325,7.219960247662157,0.0039190983757990015,0.17943923648092908,2.348838872820154,"[""ReturnsElementsOf"", ""OngoingStubbing"", ""Mockito"", ""Arrays"", ""StubbingWithExtraAnswersTest"", ""Integer"", ""IMethods""]","[0.11627906976744186, 0.02134959969500572, 0.015840779853777416, 0.013428120063191154, 0.001579778830963665]","[6.128860083873428, 0.5200152497140679, 0.37124289195775795, 0.1990521327014218, 0.0007898894154818325]"
org.mockitousage.misuse.InvalidUsageTest.shouldNotAllowSettingNullConsecutiveThrowable,0.11627906976744186,0.042032485785846375,0.014660493827160493,0.1681299431433855,0.02141579646715224,0.02755523446536302,0.042940564776796836,6.128860083873428,1.8237023958924863,0.27469135802469136,7.294809583569945,0.475043206623423,0.755048297350894,2.487119654313942,"[""RuntimeException"", ""OngoingStubbing"", ""Mockito"", ""InvalidUsageTest"", ""IMethods""]","[0.11627906976744186, 0.02134959969500572, 0.015840779853777416, 0.014660493827160493]","[6.128860083873428, 0.5200152497140679, 0.37124289195775795, 0.27469135802469136]"
org.mockitousage.misuse.InvalidUsageTest.shouldNotAllowSettingNullThrowable,0.11627906976744186,0.042032485785846375,0.014660493827160493,0.1681299431433855,0.02141579646715224,0.02755523446536302,0.042940564776796836,6.128860083873428,1.8237023958924863,0.27469135802469136,7.294809583569945,0.475043206623423,0.755048297350894,2.487119654313942,"[""InvalidUsageTest"", ""Mockito"", ""OngoingStubbing"", ""IMethods""]","[0.11627906976744186, 0.02134959969500572, 0.015840779853777416, 0.014660493827160493]","[6.128860083873428, 0.5200152497140679, 0.37124289195775795, 0.27469135802469136]"
org.mockitousage.misuse.InvalidUsageTest.shouldNotAllowSettingInvalidCheckedException,0.11627906976744186,0.042032485785846375,0.014660493827160493,0.1681299431433855,0.02141579646715224,0.02755523446536302,0.042940564776796836,6.128860083873428,1.8237023958924863,0.27469135802469136,7.294809583569945,0.475043206623423,0.755048297350894,2.487119654313942,"[""Exception"", ""OngoingStubbing"", ""Mockito"", ""InvalidUsageTest"", ""IMethods""]","[0.11627906976744186, 0.02134959969500572, 0.015840779853777416, 0.014660493827160493]","[6.128860083873428, 0.5200152497140679, 0.37124289195775795, 0.27469135802469136]"
org.mockitousage.misuse.InvalidUsageTest.shouldReportMissingMethodInvocationWhenStubbing,0.11627906976744186,0.042032485785846375,0.014660493827160493,0.1681299431433855,0.02141579646715224,0.02755523446536302,0.042940564776796836,6.128860083873428,1.8237023958924863,0.27469135802469136,7.294809583569945,0.475043206623423,0.755048297350894,2.487119654313942,"[""String"", ""OngoingStubbing"", ""Mockito"", ""InvalidUsageTest"", ""IMethods""]","[0.11627906976744186, 0.02134959969500572, 0.015840779853777416, 0.014660493827160493]","[6.128860083873428, 0.5200152497140679, 0.37124289195775795, 0.27469135802469136]"
org.mockitousage.misuse.InvalidUsageTest.shouldNotAllowSettingNullThrowableVararg,0.11627906976744186,0.042032485785846375,0.014660493827160493,0.1681299431433855,0.02141579646715224,0.02755523446536302,0.042940564776796836,6.128860083873428,1.8237023958924863,0.27469135802469136,7.294809583569945,0.475043206623423,0.755048297350894,2.487119654313942,"[""InvalidUsageTest"", ""Mockito"", ""OngoingStubbing"", ""IMethods""]","[0.11627906976744186, 0.02134959969500572, 0.015840779853777416, 0.014660493827160493]","[6.128860083873428, 0.5200152497140679, 0.37124289195775795, 0.27469135802469136]"
org.mockitousage.basicapi.MocksCreationTest.shouldCombineMockNameAndSmartNulls,0.11627906976744186,0.04199845293436302,0.004770992366412214,0.1679938117374521,0.013153104484973753,0.023464439200817207,0.043586036053141014,6.128860083873428,1.8365033880577353,0.07251908396946564,7.346013552230941,0.22887704743822854,0.6164045632678858,2.4868539910488647,"[""MocksCreationTest"", ""MockSettings"", ""IMethods"", ""Mockito""]","[0.11627906976744186, 0.025594149908592323, 0.02134959969500572, 0.004770992366412214]","[6.128860083873428, 0.6246191346739792, 0.5200152497140679, 0.07251908396946564]"
org.mockitousage.basicapi.MocksCreationTest.shouldSpecifyMockNameViaSettings,0.11627906976744186,0.04199845293436302,0.004770992366412214,0.1679938117374521,0.013153104484973753,0.023464439200817207,0.043586036053141014,6.128860083873428,1.8365033880577353,0.07251908396946564,7.346013552230941,0.22887704743822854,0.6164045632678858,2.4868539910488647,"[""MocksCreationTest"", ""MockSettings"", ""IMethods"", ""Mockito""]","[0.11627906976744186, 0.025594149908592323, 0.02134959969500572, 0.004770992366412214]","[6.128860083873428, 0.6246191346739792, 0.5200152497140679, 0.07251908396946564]"
org.mockitousage.stubbing.StubbingWithCustomAnswerTest.shouldAnswerConsecutively,0.11627906976744186,0.03358631252574065,0.006843065693430657,0.16793156262870326,0.01262783076764028,0.018296324244090823,0.04169468375900397,6.128860083873428,1.4454694219599369,0.04151459854014598,7.227347109799685,0.14325731325347488,0.38205241134699425,2.3474853997304055,"[""StringBuilder"", ""StubbingWithCustomAnswerTest$3"", ""Object"", ""OngoingStubbing"", ""Mockito"", ""InvocationOnMock"", ""StubbingWithCustomAnswerTest"", ""StubbingWithCustomAnswerTest$2"", ""Method"", ""IMethods""]","[0.11627906976744186, 0.02134959969500572, 0.015840779853777416, 0.007619047619047619, 0.006843065693430657]","[6.128860083873428, 0.5200152497140679, 0.37124289195775795, 0.1657142857142857, 0.04151459854014598]"
org.mockitousage.stubbing.StubbingWithDelegateTest.null_wrapper_dont_throw_exception_from_org_mockito_package,0.11627906976744186,0.03354828583664313,0.006172839506172839,0.16774142918321563,0.012860309481227836,0.018455296312322005,0.041667716327327145,6.128860083873428,1.5593351940548694,0.17697228144989338,7.7966759702743476,0.40698272747238345,0.6548024827711203,2.2900952933750336,"[""Exception"", ""Object"", ""Mockito"", ""AdditionalAnswers"", ""StubbingWithDelegateTest"", ""MethodsImpl"", ""Byte"", ""IMethods""]","[0.11627906976744186, 0.02134959969500572, 0.013859275053304905, 0.010080645161290322, 0.006172839506172839]","[6.128860083873428, 0.5200152497140679, 0.17697228144989338, 0.6344086021505376, 0.33641975308641975]"
org.mockitousage.stubbing.StubbingWithDelegateTest.exception_should_be_propagated_from_delegate,0.11627906976744186,0.03354828583664313,0.006172839506172839,0.16774142918321563,0.012860309481227836,0.018455296312322005,0.041667716327327145,6.128860083873428,1.5593351940548694,0.17697228144989338,7.7966759702743476,0.40698272747238345,0.6548024827711203,2.2900952933750336,"[""Object"", ""RuntimeException"", ""Mockito"", ""AdditionalAnswers"", ""StubbingWithDelegateTest"", ""StubbingWithDelegateTest$1"", ""MethodsImpl"", ""IMethods""]","[0.11627906976744186, 0.02134959969500572, 0.013859275053304905, 0.010080645161290322, 0.006172839506172839]","[6.128860083873428, 0.5200152497140679, 0.17697228144989338, 0.6344086021505376, 0.33641975308641975]"
org.mockitousage.stubbing.StubbingUsingDoReturnTest.shouldAllowStubbingToString,0.11627906976744186,0.04184201968667976,0.009108341323106424,0.16736807874671905,0.018717885872326902,0.026134432436486017,0.043249889809550475,6.128860083873428,1.7868546393710523,0.1538830297219559,7.147418557484209,0.3482490179948033,0.6412013245677607,2.5101999131020305,"[""Stubber"", ""StubbingUsingDoReturnTest"", ""IMethods"", ""Mockito""]","[0.11627906976744186, 0.02134959969500572, 0.02063106796116505, 0.009108341323106424]","[6.128860083873428, 0.5200152497140679, 0.3446601941747573, 0.1538830297219559]"
org.mockitousage.stubbing.StubbingUsingDoReturnTest.shouldDetectInvalidReturnType,0.11627906976744186,0.04184201968667976,0.009108341323106424,0.16736807874671905,0.018717885872326902,0.026134432436486017,0.043249889809550475,6.128860083873428,1.7868546393710523,0.1538830297219559,7.147418557484209,0.3482490179948033,0.6412013245677607,2.5101999131020305,"[""Exception"", ""StubbingUsingDoReturnTest"", ""Mockito"", ""Stubber"", ""IMethods""]","[0.11627906976744186, 0.02134959969500572, 0.02063106796116505, 0.009108341323106424]","[6.128860083873428, 0.5200152497140679, 0.3446601941747573, 0.1538830297219559]"
org.mockitousage.stubbing.StubbingUsingDoReturnTest.shouldStubWithThrowable,0.11627906976744186,0.04184201968667976,0.009108341323106424,0.16736807874671905,0.018717885872326902,0.026134432436486017,0.043249889809550475,6.128860083873428,1.7868546393710523,0.1538830297219559,7.147418557484209,0.3482490179948033,0.6412013245677607,2.5101999131020305,"[""RuntimeException"", ""Mockito"", ""StubbingUsingDoReturnTest"", ""StubbingUsingDoReturnTest$FooRuntimeException"", ""Stubber"", ""IMethods""]","[0.11627906976744186, 0.02134959969500572, 0.02063106796116505, 0.009108341323106424]","[6.128860083873428, 0.5200152497140679, 0.3446601941747573, 0.1538830297219559]"
org.mockitousage.stubbing.StubbingUsingDoReturnTest.shouldAllowChainedStubbingOnVoidMethods,0.11627906976744186,0.04184201968667976,0.009108341323106424,0.16736807874671905,0.018717885872326902,0.026134432436486017,0.043249889809550475,6.128860083873428,1.7868546393710523,0.1538830297219559,7.147418557484209,0.3482490179948033,0.6412013245677607,2.5101999131020305,"[""RuntimeException"", ""StubbingUsingDoReturnTest"", ""Mockito"", ""Stubber"", ""IMethods""]","[0.11627906976744186, 0.02134959969500572, 0.02063106796116505, 0.009108341323106424]","[6.128860083873428, 0.5200152497140679, 0.3446601941747573, 0.1538830297219559]"
org.mockitousage.stubbing.StubbingUsingDoReturnTest.shouldAllowChainedStubbingWithExceptionClass,0.11627906976744186,0.04184201968667976,0.009108341323106424,0.16736807874671905,0.018717885872326902,0.026134432436486017,0.043249889809550475,6.128860083873428,1.7868546393710523,0.1538830297219559,7.147418557484209,0.3482490179948033,0.6412013245677607,2.5101999131020305,"[""Stubber"", ""StubbingUsingDoReturnTest"", ""IMethods"", ""Mockito""]","[0.11627906976744186, 0.02134959969500572, 0.02063106796116505, 0.009108341323106424]","[6.128860083873428, 0.5200152497140679, 0.3446601941747573, 0.1538830297219559]"
org.mockitousage.stubbing.StubbingUsingDoReturnTest.shouldDetectInvalidCheckedException,0.11627906976744186,0.04184201968667976,0.009108341323106424,0.16736807874671905,0.018717885872326902,0.026134432436486017,0.043249889809550475,6.128860083873428,1.7868546393710523,0.1538830297219559,7.147418557484209,0.3482490179948033,0.6412013245677607,2.5101999131020305,"[""Exception"", ""Mockito"", ""StubbingUsingDoReturnTest"", ""Stubber"", ""StubbingUsingDoReturnTest$FooCheckedException"", ""IMethods""]","[0.11627906976744186, 0.02134959969500572, 0.02063106796116505, 0.009108341323106424]","[6.128860083873428, 0.5200152497140679, 0.3446601941747573, 0.1538830297219559]"
org.mockitousage.stubbing.StubbingUsingDoReturnTest.shouldDetectWhenNullAssignedToBoolean,0.11627906976744186,0.04184201968667976,0.009108341323106424,0.16736807874671905,0.018717885872326902,0.026134432436486017,0.043249889809550475,6.128860083873428,1.7868546393710523,0.1538830297219559,7.147418557484209,0.3482490179948033,0.6412013245677607,2.5101999131020305,"[""Exception"", ""StubbingUsingDoReturnTest"", ""Mockito"", ""Stubber"", ""IMethods""]","[0.11627906976744186, 0.02134959969500572, 0.02063106796116505, 0.009108341323106424]","[6.128860083873428, 0.5200152497140679, 0.3446601941747573, 0.1538830297219559]"
org.mockitousage.stubbing.StubbingUsingDoReturnTest.shouldStub,0.11627906976744186,0.04184201968667976,0.009108341323106424,0.16736807874671905,0.018717885872326902,0.026134432436486017,0.043249889809550475,6.128860083873428,1.7868546393710523,0.1538830297219559,7.147418557484209,0.3482490179948033,0.6412013245677607,2.5101999131020305,"[""Stubber"", ""StubbingUsingDoReturnTest"", ""IMethods"", ""Mockito""]","[0.11627906976744186, 0.02134959969500572, 0.02063106796116505, 0.009108341323106424]","[6.128860083873428, 0.5200152497140679, 0.3446601941747573, 0.1538830297219559]"
org.mockitousage.stubbing.StubbingUsingDoReturnTest.shouldAllowSettingValidCheckedException,0.11627906976744186,0.04184201968667976,0.009108341323106424,0.16736807874671905,0.018717885872326902,0.026134432436486017,0.043249889809550475,6.128860083873428,1.7868546393710523,0.1538830297219559,7.147418557484209,0.3482490179948033,0.6412013245677607,2.5101999131020305,"[""Mockito"", ""StubbingUsingDoReturnTest"", ""Stubber"", ""IOException"", ""IMethods""]","[0.11627906976744186, 0.02134959969500572, 0.02063106796116505, 0.009108341323106424]","[6.128860083873428, 0.5200152497140679, 0.3446601941747573, 0.1538830297219559]"
org.mockitousage.stubbing.StubbingUsingDoReturnTest.shouldStubbingBeTreatedAsInteraction,0.11627906976744186,0.04184201968667976,0.009108341323106424,0.16736807874671905,0.018717885872326902,0.026134432436486017,0.043249889809550475,6.128860083873428,1.7868546393710523,0.1538830297219559,7.147418557484209,0.3482490179948033,0.6412013245677607,2.5101999131020305,"[""Stubber"", ""StubbingUsingDoReturnTest"", ""IMethods"", ""Mockito""]","[0.11627906976744186, 0.02134959969500572, 0.02063106796116505, 0.009108341323106424]","[6.128860083873428, 0.5200152497140679, 0.3446601941747573, 0.1538830297219559]"
org.mockitousage.stubbing.StubbingUsingDoReturnTest.shouldVerifyStubbedCall,0.11627906976744186,0.04184201968667976,0.009108341323106424,0.16736807874671905,0.018717885872326902,0.026134432436486017,0.043249889809550475,6.128860083873428,1.7868546393710523,0.1538830297219559,7.147418557484209,0.3482490179948033,0.6412013245677607,2.5101999131020305,"[""Stubber"", ""StubbingUsingDoReturnTest"", ""IMethods"", ""Mockito""]","[0.11627906976744186, 0.02134959969500572, 0.02063106796116505, 0.009108341323106424]","[6.128860083873428, 0.5200152497140679, 0.3446601941747573, 0.1538830297219559]"
org.mockitousage.stubbing.StubbingUsingDoReturnTest.shouldStubWithGenericAnswer,0.11627906976744186,0.04184201968667976,0.009108341323106424,0.16736807874671905,0.018717885872326902,0.026134432436486017,0.043249889809550475,6.128860083873428,1.7868546393710523,0.1538830297219559,7.147418557484209,0.3482490179948033,0.6412013245677607,2.5101999131020305,"[""Object"", ""Mockito"", ""StubbingUsingDoReturnTest"", ""Stubber"", ""StubbingUsingDoReturnTest$1"", ""IMethods""]","[0.11627906976744186, 0.02134959969500572, 0.02063106796116505, 0.009108341323106424]","[6.128860083873428, 0.5200152497140679, 0.3446601941747573, 0.1538830297219559]"
org.mockitousage.stubbing.StubbingUsingDoReturnTest.shouldAllowStubbingWhenTypesMatchSignature,0.11627906976744186,0.04184201968667976,0.009108341323106424,0.16736807874671905,0.018717885872326902,0.026134432436486017,0.043249889809550475,6.128860083873428,1.7868546393710523,0.1538830297219559,7.147418557484209,0.3482490179948033,0.6412013245677607,2.5101999131020305,"[""StubbingUsingDoReturnTest"", ""Mockito"", ""Stubber"", ""Integer"", ""IMethods""]","[0.11627906976744186, 0.02134959969500572, 0.02063106796116505, 0.009108341323106424]","[6.128860083873428, 0.5200152497140679, 0.3446601941747573, 0.1538830297219559]"
org.mockitousage.stubbing.StubbingUsingDoReturnTest.shouldAllowChainedStubbing,0.11627906976744186,0.04184201968667976,0.009108341323106424,0.16736807874671905,0.018717885872326902,0.026134432436486017,0.043249889809550475,6.128860083873428,1.7868546393710523,0.1538830297219559,7.147418557484209,0.3482490179948033,0.6412013245677607,2.5101999131020305,"[""RuntimeException"", ""StubbingUsingDoReturnTest"", ""Mockito"", ""Stubber"", ""IMethods""]","[0.11627906976744186, 0.02134959969500572, 0.02063106796116505, 0.009108341323106424]","[6.128860083873428, 0.5200152497140679, 0.3446601941747573, 0.1538830297219559]"
org.mockitousage.basicapi.MocksSerializationForAnnotationTest.should_allow_mock_and_string_value_to_be_serializable,0.11627906976744186,0.03341889784391612,0.0025412960609911056,0.16709448921958062,0.00830165266240032,0.01617640149275658,0.04188735292953397,6.128860083873428,1.642232281760048,0.005082592121982211,8.21116140880024,0.02470684883927345,0.37208476664463724,2.2756562610662665,"[""OngoingStubbing"", ""Mockito"", ""ByteArrayOutputStream"", ""SimpleSerializationUtil"", ""ObjectInputStream"", ""Class"", ""MocksSerializationForAnnotationTest"", ""ObjectOutputStream"", ""ByteArrayInputStream"", ""IMethods""]","[0.11627906976744186, 0.02134959969500572, 0.015840779853777416, 0.011083743842364532, 0.0025412960609911056]","[6.128860083873428, 0.5200152497140679, 0.37124289195775795, 1.185960591133005, 0.005082592121982211]"
org.mockitousage.basicapi.MocksSerializationForAnnotationTest.should_serialize_method_call_with_parameters_that_are_serializable,0.11627906976744186,0.03341889784391612,0.0025412960609911056,0.16709448921958062,0.00830165266240032,0.01617640149275658,0.04188735292953397,6.128860083873428,1.642232281760048,0.005082592121982211,8.21116140880024,0.02470684883927345,0.37208476664463724,2.2756562610662665,"[""Collections"", ""OngoingStubbing"", ""Mockito"", ""ByteArrayOutputStream"", ""SimpleSerializationUtil"", ""ObjectInputStream"", ""Class"", ""MocksSerializationForAnnotationTest"", ""ObjectOutputStream"", ""ByteArrayInputStream"", ""IMethods""]","[0.11627906976744186, 0.02134959969500572, 0.015840779853777416, 0.011083743842364532, 0.0025412960609911056]","[6.128860083873428, 0.5200152497140679, 0.37124289195775795, 1.185960591133005, 0.005082592121982211]"
org.mockitousage.basicapi.MocksSerializationForAnnotationTest.should_stub_even_if_some_methods_called_after_serialization,0.11627906976744186,0.03341889784391612,0.0025412960609911056,0.16709448921958062,0.00830165266240032,0.01617640149275658,0.04188735292953397,6.128860083873428,1.642232281760048,0.005082592121982211,8.21116140880024,0.02470684883927345,0.37208476664463724,2.2756562610662665,"[""OngoingStubbing"", ""Mockito"", ""ByteArrayOutputStream"", ""SimpleSerializationUtil"", ""ObjectInputStream"", ""Class"", ""MocksSerializationForAnnotationTest"", ""ObjectOutputStream"", ""ByteArrayInputStream"", ""IMethods""]","[0.11627906976744186, 0.02134959969500572, 0.015840779853777416, 0.011083743842364532, 0.0025412960609911056]","[6.128860083873428, 0.5200152497140679, 0.37124289195775795, 1.185960591133005, 0.005082592121982211]"
org.mockitousage.basicapi.MocksSerializationForAnnotationTest.should_all_mock_and_serializable_value_to_be_serialized,0.11627906976744186,0.03341889784391612,0.0025412960609911056,0.16709448921958062,0.00830165266240032,0.01617640149275658,0.04188735292953397,6.128860083873428,1.642232281760048,0.005082592121982211,8.21116140880024,0.02470684883927345,0.37208476664463724,2.2756562610662665,"[""Collections"", ""OngoingStubbing"", ""Mockito"", ""ByteArrayOutputStream"", ""SimpleSerializationUtil"", ""ObjectInputStream"", ""Class"", ""MocksSerializationForAnnotationTest"", ""ObjectOutputStream"", ""ByteArrayInputStream"", ""IMethods""]","[0.11627906976744186, 0.02134959969500572, 0.015840779853777416, 0.011083743842364532, 0.0025412960609911056]","[6.128860083873428, 0.5200152497140679, 0.37124289195775795, 1.185960591133005, 0.005082592121982211]"
org.mockitousage.basicapi.MocksSerializationForAnnotationTest.should_allow_mock_and_boolean_value_to_serializable,0.11627906976744186,0.03341889784391612,0.0025412960609911056,0.16709448921958062,0.00830165266240032,0.01617640149275658,0.04188735292953397,6.128860083873428,1.642232281760048,0.005082592121982211,8.21116140880024,0.02470684883927345,0.37208476664463724,2.2756562610662665,"[""OngoingStubbing"", ""Mockito"", ""ByteArrayOutputStream"", ""SimpleSerializationUtil"", ""ObjectInputStream"", ""Boolean"", ""Class"", ""MocksSerializationForAnnotationTest"", ""ObjectOutputStream"", ""ByteArrayInputStream"", ""IMethods""]","[0.11627906976744186, 0.02134959969500572, 0.015840779853777416, 0.011083743842364532, 0.0025412960609911056]","[6.128860083873428, 0.5200152497140679, 0.37124289195775795, 1.185960591133005, 0.005082592121982211]"
org.mockitousage.misuse.DetectingMisusedMatchersTest.should_report_argument_locations_when_argument_matchers_misused,0.11627906976744186,0.04169823630983083,0.006901840490797546,0.1667929452393233,0.013669562886690046,0.022395534256673445,0.04440883804403178,6.128860083873428,2.1358755622752112,0.03412576687116564,8.543502249100845,0.11419491093972096,0.5470024814034659,2.4559616267665767,"[""Observer"", ""DetectingMisusedMatchersTest"", ""Mockito"", ""Matchers"", ""InvalidUseOfMatchersException""]","[0.11627906976744186, 0.03453568687643899, 0.009076348104644954, 0.006901840490797546]","[6.128860083873428, 2.1845740598618573, 0.19594233849439402, 0.03412576687116564]"
org.mockito.MockitoTest.shouldStartingMockSettingsContainDefaultBehavior,0.11627906976744186,0.055490435149164304,0.018504240555127217,0.16647130544749292,0.03184735047737001,0.04085286563666385,0.04331971391260564,6.128860083873428,2.254304467478314,0.08134155744024672,6.762913402434942,0.21028632903576652,0.650724210995535,2.7464745141889035,"[""MockitoTest"", ""MockSettingsImpl"", ""Mockito""]","[0.11627906976744186, 0.031687995124923825, 0.018504240555127217]","[6.128860083873428, 0.5527117611212675, 0.08134155744024672]"
org.mockito.internal.debugging.WarningsPrinterImplTest.shouldPassCorrectWarningFlag,0.11627906976744186,0.027722707061475522,0.007874015748031496,0.16633624236885314,0.011322339505892487,0.01478351043821891,0.039657138464936306,6.128860083873428,1.1948335257207352,0.12311178247734139,7.169001154324412,0.197278912958303,0.32659114241339926,2.209512335313407,"[""Mockito"", ""WarningsPrinterImpl"", ""WarningsPrinterImplTest"", ""WarningsFinder"", ""LoggingListener"", ""ArgumentCaptor""]","[0.11627906976744186, 0.014243323442136498, 0.00984251968503937, 0.009789156626506024, 0.008308157099697885, 0.007874015748031496]","[6.128860083873428, 0.4540059347181009, 0.18503937007874016, 0.12575301204819278, 0.12311178247734139, 0.15223097112860892]"
org.mockito.internal.debugging.WarningsPrinterImplTest.shouldUseFinderCorrectly,0.11627906976744186,0.027722707061475522,0.007874015748031496,0.16633624236885314,0.011322339505892487,0.01478351043821891,0.039657138464936306,6.128860083873428,1.1948335257207352,0.12311178247734139,7.169001154324412,0.197278912958303,0.32659114241339926,2.209512335313407,"[""Mockito"", ""WarningsPrinterImpl"", ""WarningsPrinterImplTest"", ""WarningsFinder"", ""LoggingListener"", ""ArgumentCaptor""]","[0.11627906976744186, 0.014243323442136498, 0.00984251968503937, 0.009789156626506024, 0.008308157099697885, 0.007874015748031496]","[6.128860083873428, 0.4540059347181009, 0.18503937007874016, 0.12575301204819278, 0.12311178247734139, 0.15223097112860892]"
org.mockitousage.verification.DescriptiveMessagesWhenVerificationFailsTest.should_print_null_arguments,0.11627906976744186,0.04154498247555649,0.007171671896010758,0.16617992990222596,0.016552840327693812,0.02483863697096634,0.043535057372266796,6.128860083873428,1.7631446469858396,0.02330793366203496,7.0525785879433585,0.0840003075449752,0.40999983457744077,2.5270471633227514,"[""DescriptiveMessagesWhenVerificationFailsTest"", ""Mockito"", ""ArgumentsAreDifferent"", ""IMethods""]","[0.11627906976744186, 0.021379588543767647, 0.02134959969500572, 0.007171671896010758]","[6.128860083873428, 0.38039532069382814, 0.5200152497140679, 0.02330793366203496]"
org.mockitousage.verification.DescriptiveMessagesWhenVerificationFailsTest.should_print_actual_and_unverified_wanted_when_the_difference_is_about_arguments,0.11627906976744186,0.04154498247555649,0.007171671896010758,0.16617992990222596,0.016552840327693812,0.02483863697096634,0.043535057372266796,6.128860083873428,1.7631446469858396,0.02330793366203496,7.0525785879433585,0.0840003075449752,0.40999983457744077,2.5270471633227514,"[""DescriptiveMessagesWhenVerificationFailsTest"", ""Mockito"", ""ArgumentsAreDifferent"", ""IMethods""]","[0.11627906976744186, 0.021379588543767647, 0.02134959969500572, 0.007171671896010758]","[6.128860083873428, 0.38039532069382814, 0.5200152497140679, 0.02330793366203496]"
org.mockitousage.verification.DescriptiveMessagesWhenVerificationFailsTest.should_print_actual_and_wanted_when_actual_method_name_and_wanted_method_name_are_the_same,0.11627906976744186,0.04154498247555649,0.007171671896010758,0.16617992990222596,0.016552840327693812,0.02483863697096634,0.043535057372266796,6.128860083873428,1.7631446469858396,0.02330793366203496,7.0525785879433585,0.0840003075449752,0.40999983457744077,2.5270471633227514,"[""DescriptiveMessagesWhenVerificationFailsTest"", ""Mockito"", ""ArgumentsAreDifferent"", ""IMethods""]","[0.11627906976744186, 0.021379588543767647, 0.02134959969500572, 0.007171671896010758]","[6.128860083873428, 0.38039532069382814, 0.5200152497140679, 0.02330793366203496]"
org.mockitousage.verification.DescriptiveMessagesWhenVerificationFailsTest.should_print_field_name_when_annotations_used,0.11627906976744186,0.04154498247555649,0.007171671896010758,0.16617992990222596,0.016552840327693812,0.02483863697096634,0.043535057372266796,6.128860083873428,1.7631446469858396,0.02330793366203496,7.0525785879433585,0.0840003075449752,0.40999983457744077,2.5270471633227514,"[""DescriptiveMessagesWhenVerificationFailsTest"", ""Mockito"", ""ArgumentsAreDifferent"", ""IMethods""]","[0.11627906976744186, 0.021379588543767647, 0.02134959969500572, 0.007171671896010758]","[6.128860083873428, 0.38039532069382814, 0.5200152497140679, 0.02330793366203496]"
org.mockitousage.verification.DescriptiveMessagesWhenVerificationFailsTest.should_show_right_actual_method,0.11627906976744186,0.04154498247555649,0.007171671896010758,0.16617992990222596,0.016552840327693812,0.02483863697096634,0.043535057372266796,6.128860083873428,1.7631446469858396,0.02330793366203496,7.0525785879433585,0.0840003075449752,0.40999983457744077,2.5270471633227514,"[""DescriptiveMessagesWhenVerificationFailsTest"", ""Mockito"", ""ArgumentsAreDifferent"", ""IMethods""]","[0.11627906976744186, 0.021379588543767647, 0.02134959969500572, 0.007171671896010758]","[6.128860083873428, 0.38039532069382814, 0.5200152497140679, 0.02330793366203496]"
org.mockitousage.verification.DescriptiveMessagesWhenVerificationFailsTest.should_print_method_when_missing_invocation_with_vararg_matcher,0.11627906976744186,0.04154498247555649,0.007171671896010758,0.16617992990222596,0.016552840327693812,0.02483863697096634,0.043535057372266796,6.128860083873428,1.7631446469858396,0.02330793366203496,7.0525785879433585,0.0840003075449752,0.40999983457744077,2.5270471633227514,"[""DescriptiveMessagesWhenVerificationFailsTest"", ""Mockito"", ""ArgumentsAreDifferent"", ""IMethods""]","[0.11627906976744186, 0.021379588543767647, 0.02134959969500572, 0.007171671896010758]","[6.128860083873428, 0.38039532069382814, 0.5200152497140679, 0.02330793366203496]"
org.mockitousage.verification.DescriptiveMessagesWhenVerificationFailsTest.should_print_actual_and_wanted_in_multiple_lines,0.11627906976744186,0.04154498247555649,0.007171671896010758,0.16617992990222596,0.016552840327693812,0.02483863697096634,0.043535057372266796,6.128860083873428,1.7631446469858396,0.02330793366203496,7.0525785879433585,0.0840003075449752,0.40999983457744077,2.5270471633227514,"[""DescriptiveMessagesWhenVerificationFailsTest"", ""Mockito"", ""ArgumentsAreDifferent"", ""IMethods""]","[0.11627906976744186, 0.021379588543767647, 0.02134959969500572, 0.007171671896010758]","[6.128860083873428, 0.38039532069382814, 0.5200152497140679, 0.02330793366203496]"
org.mockitousage.verification.DescriptiveMessagesWhenVerificationFailsTest.should_print_actual_and_wanted_in_line,0.11627906976744186,0.04154498247555649,0.007171671896010758,0.16617992990222596,0.016552840327693812,0.02483863697096634,0.043535057372266796,6.128860083873428,1.7631446469858396,0.02330793366203496,7.0525785879433585,0.0840003075449752,0.40999983457744077,2.5270471633227514,"[""Mockito"", ""DescriptiveMessagesWhenVerificationFailsTest"", ""ArgumentsAreDifferent"", ""Integer"", ""IMethods""]","[0.11627906976744186, 0.021379588543767647, 0.02134959969500572, 0.007171671896010758]","[6.128860083873428, 0.38039532069382814, 0.5200152497140679, 0.02330793366203496]"
org.concurrentmockito.ThreadsStubSharedMockTest.shouldStubFineConcurrently,0.11627906976744186,0.03317909085989638,0.0028625954198473282,0.16589545429948188,0.008734142528895646,0.016084520338381512,0.042007024848383125,6.128860083873428,1.4610767786889018,0.006679389312977099,7.3053838934445094,0.03162881931260473,0.29413728718975274,2.339875690510066,"[""ThreadsStubSharedMockTest$1"", ""StringBuilder"", ""ThreadsStubSharedMockTest"", ""RuntimeException"", ""OngoingStubbing"", ""Mockito"", ""VoidMethodStubbable"", ""Thread"", ""Long"", ""IMethods""]","[0.11627906976744186, 0.02134959969500572, 0.015840779853777416, 0.009563409563409564, 0.0028625954198473282]","[6.128860083873428, 0.5200152497140679, 0.37124289195775795, 0.2785862785862786, 0.006679389312977099]"
org.mockitousage.verification.VerificationWithTimeoutTest.shouldAllowTimeoutVerificationInOrder,0.11627906976744186,0.041423888234494576,0.0055579307396323215,0.1656955529379783,0.012317478435408733,0.021357875454273836,0.04463067354523859,6.128860083873428,2.156364347699248,0.040188114578879865,8.625457390796992,0.13706799436141545,0.618425550103294,2.439834542259478,"[""RuntimeException"", ""VerificationWithTimeoutTest$2"", ""Mockito"", ""VerificationWithTimeoutTest"", ""Matchers"", ""Thread"", ""InOrder"", ""List""]","[0.11627906976744186, 0.03453568687643899, 0.009322865554465163, 0.0055579307396323215]","[6.128860083873428, 2.1845740598618573, 0.2718351324828263, 0.040188114578879865]"
org.mockitousage.stacktrace.StackTraceFilteringTest.shouldFilterStacktraceWhenVerifyingInOrder,0.11627906976744186,0.032931307082258846,0.0055579307396323215,0.1646565354112942,0.011593475204145772,0.017215261443324078,0.04201653222957711,6.128860083873428,1.4172042947600034,0.040188114578879865,7.086021473800018,0.12563750179616875,0.3308389790444226,2.361707118109548,"[""StackTraceFilteringTest"", ""StringBuilder"", ""Object"", ""InOrder"", ""String"", ""Mockito"", ""Throwable"", ""StackTraceElement"", ""ExtraMatchers$3"", ""ExtraMatchers"", ""IMethods""]","[0.11627906976744186, 0.02134959969500572, 0.013112225221750868, 0.008357709987463435, 0.0055579307396323215]","[6.128860083873428, 0.5200152497140679, 0.29039722329348244, 0.1065608023401588, 0.040188114578879865]"
org.mockitousage.matchers.MatchersTest.deltaMatcherPrintsItself,0.11627906976744186,0.03274974592845839,0.0016722408026755853,0.16374872964229195,0.006011845849988247,0.014160518240863338,0.04228494823649632,6.128860083873428,1.5436019734291122,0.00459866220735786,7.718009867145561,0.02234346676332727,0.32598568136478673,2.3043752783245597,"[""Mockito"", ""WantedButNotInvoked"", ""AdditionalMatchers"", ""MatchersTest"", ""IMethods""]","[0.11627906976744186, 0.02134959969500572, 0.015726889144610665, 0.00872093023255814, 0.0016722408026755853]","[6.128860083873428, 0.5200152497140679, 0.7115458381281166, 0.35299003322259137, 0.00459866220735786]"
org.mockito.MockitoTest.shouldRemoveStubbableFromProgressAfterStubbing,0.11627906976744186,0.040906733637138225,0.01300284437220642,0.1636269345485529,0.01973592135361853,0.02580161759966595,0.04355969991060597,6.128860083873428,1.6650685693194835,0.07882974400650142,6.660274277277934,0.1436976580797097,0.3475442546486077,2.579911065709948,"[""OngoingStubbing"", ""Mockito"", ""ThreadSafeMockingProgress"", ""Boolean"", ""MockitoTest"", ""List""]","[0.11627906976744186, 0.018504240555127217, 0.015840779853777416, 0.01300284437220642]","[6.128860083873428, 0.08134155744024672, 0.37124289195775795, 0.07882974400650142]"
org.mockitousage.junitrunner.VerboseMockitoRunnerTest.shouldContainWarnings,0.11627906976744186,0.03268291124465602,0.0037936267071320183,0.1634145562232801,0.009178859405678941,0.01557903000024767,0.042282210572786375,6.128860083873428,1.4489558790636579,0.06305267204921185,7.2447793953182895,0.1863767066721204,0.4132799388464716,2.345373757893814,"[""TestCase"", ""Result"", ""OngoingStubbing"", ""Mockito"", ""Failure"", ""Boolean"", ""VerboseMockitoRunnerTest$ContainsWarnings"", ""VerboseMockitoRunnerTest"", ""JUnitCore"", ""List"", ""IMethods""]","[0.11627906976744186, 0.02134959969500572, 0.015840779853777416, 0.006151480199923107, 0.0037936267071320183]","[6.128860083873428, 0.5200152497140679, 0.37124289195775795, 0.06305267204921185, 0.16160849772382396]"
org.mockitousage.basicapi.ResetTest.shouldRemoveStubbingToString,0.11627906976744186,0.04063365128089761,0.009065155807365438,0.16253460512359044,0.017476407549984106,0.024434911990826206,0.04389009103327277,6.128860083873428,1.8156527858480698,0.2424929178470255,7.262611143392279,0.4492529965006851,0.731877251193057,2.4921670155025666,"[""ResetTest"", ""IMethods"", ""OngoingStubbing"", ""Mockito""]","[0.11627906976744186, 0.02134959969500572, 0.015840779853777416, 0.009065155807365438]","[6.128860083873428, 0.5200152497140679, 0.37124289195775795, 0.2424929178470255]"
org.mockitousage.basicapi.ResetTest.shouldRemoveAllStubbing,0.11627906976744186,0.04063365128089761,0.009065155807365438,0.16253460512359044,0.017476407549984106,0.024434911990826206,0.04389009103327277,6.128860083873428,1.8156527858480698,0.2424929178470255,7.262611143392279,0.4492529965006851,0.731877251193057,2.4921670155025666,"[""OngoingStubbing"", ""Mockito"", ""ResetTest"", ""Integer"", ""IMethods""]","[0.11627906976744186, 0.02134959969500572, 0.015840779853777416, 0.009065155807365438]","[6.128860083873428, 0.5200152497140679, 0.37124289195775795, 0.2424929178470255]"
org.mockitousage.basicapi.ResetTest.shouldResetOngoingStubbingSoThatMoreMeaningfulExceptionsAreRaised,0.11627906976744186,0.04063365128089761,0.009065155807365438,0.16253460512359044,0.017476407549984106,0.024434911990826206,0.04389009103327277,6.128860083873428,1.8156527858480698,0.2424929178470255,7.262611143392279,0.4492529965006851,0.731877251193057,2.4921670155025666,"[""ResetTest"", ""IMethods"", ""OngoingStubbing"", ""Mockito""]","[0.11627906976744186, 0.02134959969500572, 0.015840779853777416, 0.009065155807365438]","[6.128860083873428, 0.5200152497140679, 0.37124289195775795, 0.2424929178470255]"
org.mockito.internal.InvalidStateDetectionTest.shouldCorrectStateAfterDetectingUnfinishedStubbing,0.11627906976744186,0.04057535574055972,0.009563409563409564,0.16230142296223887,0.017684348329198712,0.024473011367440328,0.043905980731251466,6.128860083873428,1.8420045680533839,0.2785862785862786,7.3680182722135354,0.5034238586236252,0.7908412609873031,2.4765459292145175,"[""RuntimeException"", ""InvalidStateDetectionTest"", ""Mockito"", ""VoidMethodStubbable"", ""IMethods""]","[0.11627906976744186, 0.02134959969500572, 0.015109343936381709, 0.009563409563409564]","[6.128860083873428, 0.5200152497140679, 0.4405566600397614, 0.2785862785862786]"
org.mockitousage.matchers.CustomMatchersTest.shouldAnonymousCustomMatcherPrintDefaultDescription,0.11627906976744186,0.040525044863498186,0.010975094976783452,0.16210017945399274,0.0181283872054176,0.024625184847651537,0.043903634121689,6.128860083873428,1.724447030841763,0.08611228366399325,6.897788123367052,0.20159852357340488,0.45975785826523563,2.5481557482376154,"[""Mockito"", ""ArgumentMatcher"", ""AssertionError"", ""CustomMatchersTest$1"", ""CustomMatchersTest"", ""IMethods""]","[0.11627906976744186, 0.02134959969500572, 0.013496415014761703, 0.010975094976783452]","[6.128860083873428, 0.5200152497140679, 0.16280050611556304, 0.08611228366399325]"
org.mockitousage.matchers.CustomMatchersTest.shouldCustomMatcherPrintDescriptionBasedOnName,0.11627906976744186,0.040525044863498186,0.010975094976783452,0.16210017945399274,0.0181283872054176,0.024625184847651537,0.043903634121689,6.128860083873428,1.724447030841763,0.08611228366399325,6.897788123367052,0.20159852357340488,0.45975785826523563,2.5481557482376154,"[""String"", ""Mockito"", ""ArgumentMatcher"", ""AssertionError"", ""CustomMatchersTest$StringThatContainsXxx"", ""CustomMatchersTest"", ""IMethods""]","[0.11627906976744186, 0.02134959969500572, 0.013496415014761703, 0.010975094976783452]","[6.128860083873428, 0.5200152497140679, 0.16280050611556304, 0.08611228366399325]"
org.mockitousage.misuse.CleaningUpPotentialStubbingTest.shouldResetOngoingStubbingOnDoReturn,0.11627906976744186,0.040499264307851904,0.0037373198077949813,0.16199705723140762,0.01076770209659149,0.02091670707205922,0.04431555697431084,6.128860083873428,1.7664031024424318,0.07207688200747464,7.065612409769727,0.21207034943198666,0.5304515545910656,2.5237178840317953,"[""Mockito"", ""Stubber"", ""CleaningUpPotentialStubbingTest"", ""Boolean"", ""IMethods""]","[0.11627906976744186, 0.02134959969500572, 0.02063106796116505, 0.0037373198077949813]","[6.128860083873428, 0.5200152497140679, 0.3446601941747573, 0.07207688200747464]"
org.mockitousage.basicapi.MocksSerializationTest.private_constructor_currently_not_supported_at_the_moment_at_deserialization_time,0.11627906976744186,0.04046311920923955,0.0025412960609911056,0.1618524768369582,0.008023789212412185,0.019056726737331643,0.044545951510639455,6.128860083873428,1.884979151527173,0.005082592121982211,7.539916606108692,0.020020624605390547,0.35114147818720437,2.467338167612424,"[""ByteArrayOutputStream"", ""Mockito"", ""SimpleSerializationUtil"", ""MocksSerializationTest"", ""MockSettings"", ""ObjectInputStream"", ""Class"", ""ObjectOutputStream"", ""ByteArrayInputStream"", ""ObjectStreamException""]","[0.11627906976744186, 0.025594149908592323, 0.017437961099932932, 0.0025412960609911056]","[6.128860083873428, 0.6246191346739792, 0.7813547954393025, 0.005082592121982211]"
org.mockitousage.basicapi.MocksSerializationTest.should_be_serialize_and_have_extra_interfaces,0.11627906976744186,0.04046311920923955,0.0025412960609911056,0.1618524768369582,0.008023789212412185,0.019056726737331643,0.044545951510639455,6.128860083873428,1.884979151527173,0.005082592121982211,7.539916606108692,0.020020624605390547,0.35114147818720437,2.467338167612424,"[""ByteArrayOutputStream"", ""Mockito"", ""SimpleSerializationUtil"", ""MocksSerializationTest"", ""MockSettings"", ""ObjectInputStream"", ""Class"", ""ObjectOutputStream"", ""ByteArrayInputStream""]","[0.11627906976744186, 0.025594149908592323, 0.017437961099932932, 0.0025412960609911056]","[6.128860083873428, 0.6246191346739792, 0.7813547954393025, 0.005082592121982211]"
org.mockitousage.basicapi.MocksSerializationTest.should_allow_mock_to_be_serializable,0.11627906976744186,0.04046311920923955,0.0025412960609911056,0.1618524768369582,0.008023789212412185,0.019056726737331643,0.044545951510639455,6.128860083873428,1.884979151527173,0.005082592121982211,7.539916606108692,0.020020624605390547,0.35114147818720437,2.467338167612424,"[""ByteArrayOutputStream"", ""Mockito"", ""SimpleSerializationUtil"", ""MocksSerializationTest"", ""MockSettings"", ""ObjectInputStream"", ""Class"", ""ObjectOutputStream"", ""ByteArrayInputStream""]","[0.11627906976744186, 0.025594149908592323, 0.017437961099932932, 0.0025412960609911056]","[6.128860083873428, 0.6246191346739792, 0.7813547954393025, 0.005082592121982211]"
org.mockitousage.verification.VerificationExcludingStubsTest.shouldExcludeFromVerificationInOrder,0.11627906976744186,0.03235949263167008,0.002770083102493075,0.1617974631583504,0.007581609570157452,0.01433556302613043,0.04249808917375029,6.128860083873428,1.4227722560211333,0.040188114578879865,7.113861280105667,0.10344421701871379,0.3028239503241315,2.3602644693378685,"[""OngoingStubbing"", ""Mockito"", ""VerificationExcludingStubsTest"", ""InOrder"", ""IMethods""]","[0.11627906976744186, 0.02134959969500572, 0.015840779853777416, 0.0055579307396323215, 0.002770083102493075]","[6.128860083873428, 0.5200152497140679, 0.37124289195775795, 0.040188114578879865, 0.05355493998153278]"
org.mockitousage.examples.use.ExampleTest.shouldPersistRecalculatedArticle,0.11627906976744186,0.020218360864539753,0.0039032006245121,0.16174688691631803,0.006061943172991985,0.008392736585505696,0.036489470846106674,6.128860083873428,0.837848889538145,0.01689059500959693,6.70279111630516,0.039096935264886154,0.08353645854144114,2.0028842748388467,"[""ArticleManager"", ""ExampleTest"", ""OngoingStubbing"", ""Mockito"", ""ArticleCalculator"", ""ArticleDatabase"", ""Arrays"", ""Object"", ""Iterator"", ""Integer"", ""Article"", ""InOrder"", ""List""]","[0.11627906976744186, 0.015840779853777416, 0.006346328195829556, 0.0055579307396323215, 0.0049904030710172746, 0.004606525911708253, 0.004222648752399232, 0.0039032006245121]","[6.128860083873428, 0.37124289195775795, 0.035811423390752495, 0.040188114578879865, 0.04990403071017274, 0.01689059500959693, 0.03608445297504798, 0.023809523809523808]"
org.mockitousage.annotation.SpyAnnotationTest.should_spy_inner_class,0.11627906976744186,0.04039336490691262,0.014163090128755365,0.1615734596276505,0.019255369285666193,0.025131279163853226,0.043816805504481665,6.128860083873428,1.8530170749548958,0.12832618025751072,7.412068299819583,0.3354141182343,0.6916196291816246,2.479748778019425,"[""StringBuilder"", ""Object"", ""OngoingStubbing"", ""Mockito"", ""SpyAnnotationTest"", ""SpyAnnotationTest$1WithMockAndSpy$InnerStrength"", ""SpyAnnotationTest$1WithMockAndSpy"", ""MockitoAnnotations""]","[0.11627906976744186, 0.015840779853777416, 0.01529051987767584, 0.014163090128755365]","[6.128860083873428, 0.37124289195775795, 0.7836391437308868, 0.12832618025751072]"
org.mockitousage.annotation.SpyAnnotationTest.should_spy_abstract_class,0.11627906976744186,0.04039336490691262,0.014163090128755365,0.1615734596276505,0.019255369285666193,0.025131279163853226,0.043816805504481665,6.128860083873428,1.8530170749548958,0.12832618025751072,7.412068299819583,0.3354141182343,0.6916196291816246,2.479748778019425,"[""SpyAnnotationTest$1SpyAbstractClass"", ""Object"", ""OngoingStubbing"", ""Mockito"", ""Arrays"", ""SpyAnnotationTest"", ""AbstractList"", ""Integer"", ""MockitoAnnotations""]","[0.11627906976744186, 0.015840779853777416, 0.01529051987767584, 0.014163090128755365]","[6.128860083873428, 0.37124289195775795, 0.7836391437308868, 0.12832618025751072]"
org.mockitousage.stubbing.DeepStubbingTest.verification_work_with_argument_Matchers_in_nested_calls,0.11627906976744186,0.05382038149219348,0.01064638783269962,0.16146114447658044,0.022816442325104123,0.03496691436130983,0.04522897639050131,6.128860083873428,3.0912968058331813,0.9604562737642586,9.273890417499544,1.8049570301009727,2.342833142269359,2.205252682367575,"[""Object"", ""Mockito"", ""DeepStubbingTest$Address"", ""DeepStubbingTest"", ""DeepStubbingTest$Person"", ""Matchers"", ""DeepStubbingTest$Street""]","[0.11627906976744186, 0.03453568687643899, 0.01064638783269962]","[6.128860083873428, 2.1845740598618573, 0.9604562737642586]"
org.mockitousage.constructor.CreatingMocksWithConstructorTest.abstract_method_stubbed,0.11627906976744186,0.05381193684442379,0.015840779853777416,0.16143581053327138,0.028344854318754442,0.037797297332925674,0.04451218670472785,6.128860083873428,2.3252243361348253,0.37124289195775795,6.975673008404476,0.6048927998727912,1.0266382590496281,2.6899138417643917,"[""StringBuilder"", ""CreatingMocksWithConstructorTest"", ""Object"", ""OngoingStubbing"", ""Mockito"", ""CreatingMocksWithConstructorTest$AbstractThing""]","[0.11627906976744186, 0.029315960912052116, 0.015840779853777416]","[6.128860083873428, 0.4755700325732899, 0.37124289195775795]"
org.mockitousage.verification.DescriptiveMessagesWhenVerificationFailsTest.should_say_never_wanted_but_invoked,0.11627906976744186,0.040191624941114244,0.0017582417582417582,0.16076649976445698,0.005961581743419186,0.017478022922271,0.04465237628578976,6.128860083873428,1.7583066745593419,0.003956043956043956,7.0332266982373675,0.015534414647346739,0.2631619011961261,2.530389722489502,"[""DescriptiveMessagesWhenVerificationFailsTest"", ""Mockito"", ""NeverWantedButInvoked"", ""IMethods""]","[0.11627906976744186, 0.021379588543767647, 0.02134959969500572, 0.0017582417582417582]","[6.128860083873428, 0.38039532069382814, 0.5200152497140679, 0.003956043956043956]"
org.mockitousage.verification.DescriptiveMessagesWhenVerificationFailsTest.should_print_method_name_and_arguments_of_other_interactions_of_same_method,0.11627906976744186,0.0401701247022227,0.0016722408026755853,0.1606804988088908,0.005712548523220557,0.01726026109607694,0.044670893751840926,6.128860083873428,1.7584673291221704,0.00459866220735786,7.033869316488682,0.01800426563204004,0.27325342591157864,2.530278351534264,"[""Mockito"", ""PrintStream"", ""DescriptiveMessagesWhenVerificationFailsTest"", ""WantedButNotInvoked"", ""Byte"", ""IMethods""]","[0.11627906976744186, 0.021379588543767647, 0.02134959969500572, 0.0016722408026755853]","[6.128860083873428, 0.38039532069382814, 0.5200152497140679, 0.00459866220735786]"
org.mockitousage.verification.DescriptiveMessagesWhenVerificationFailsTest.should_print_method_name_and_arguments,0.11627906976744186,0.0401701247022227,0.0016722408026755853,0.1606804988088908,0.005712548523220557,0.01726026109607694,0.044670893751840926,6.128860083873428,1.7584673291221704,0.00459866220735786,7.033869316488682,0.01800426563204004,0.27325342591157864,2.530278351534264,"[""Object"", ""Mockito"", ""DescriptiveMessagesWhenVerificationFailsTest$Foo"", ""DescriptiveMessagesWhenVerificationFailsTest"", ""WantedButNotInvoked"", ""IMethods""]","[0.11627906976744186, 0.021379588543767647, 0.02134959969500572, 0.0016722408026755853]","[6.128860083873428, 0.38039532069382814, 0.5200152497140679, 0.00459866220735786]"
org.mockitousage.verification.DescriptiveMessagesWhenVerificationFailsTest.should_print_method_name_when_verifying_at_least_once,0.11627906976744186,0.0401701247022227,0.0016722408026755853,0.1606804988088908,0.005712548523220557,0.01726026109607694,0.044670893751840926,6.128860083873428,1.7584673291221704,0.00459866220735786,7.033869316488682,0.01800426563204004,0.27325342591157864,2.530278351534264,"[""DescriptiveMessagesWhenVerificationFailsTest"", ""WantedButNotInvoked"", ""IMethods"", ""Mockito""]","[0.11627906976744186, 0.021379588543767647, 0.02134959969500572, 0.0016722408026755853]","[6.128860083873428, 0.38039532069382814, 0.5200152497140679, 0.00459866220735786]"
org.mockitousage.verification.DescriptiveMessagesWhenVerificationFailsTest.should_print_method_name_and_arguments_of_other_interactions_with_different_methods,0.11627906976744186,0.0401701247022227,0.0016722408026755853,0.1606804988088908,0.005712548523220557,0.01726026109607694,0.044670893751840926,6.128860083873428,1.7584673291221704,0.00459866220735786,7.033869316488682,0.01800426563204004,0.27325342591157864,2.530278351534264,"[""Object"", ""Mockito"", ""DescriptiveMessagesWhenVerificationFailsTest$Foo"", ""PrintStream"", ""DescriptiveMessagesWhenVerificationFailsTest"", ""WantedButNotInvoked"", ""Byte"", ""IMethods""]","[0.11627906976744186, 0.021379588543767647, 0.02134959969500572, 0.0016722408026755853]","[6.128860083873428, 0.38039532069382814, 0.5200152497140679, 0.00459866220735786]"
org.mockitousage.verification.DescriptiveMessagesWhenVerificationFailsTest.should_print_method_name,0.11627906976744186,0.0401701247022227,0.0016722408026755853,0.1606804988088908,0.005712548523220557,0.01726026109607694,0.044670893751840926,6.128860083873428,1.7584673291221704,0.00459866220735786,7.033869316488682,0.01800426563204004,0.27325342591157864,2.530278351534264,"[""DescriptiveMessagesWhenVerificationFailsTest"", ""WantedButNotInvoked"", ""IMethods"", ""Mockito""]","[0.11627906976744186, 0.021379588543767647, 0.02134959969500572, 0.0016722408026755853]","[6.128860083873428, 0.38039532069382814, 0.5200152497140679, 0.00459866220735786]"
org.mockitousage.verification.DescriptiveMessagesWhenVerificationFailsTest.should_never_break_method_string_when_no_args_in_method,0.11627906976744186,0.0401701247022227,0.0016722408026755853,0.1606804988088908,0.005712548523220557,0.01726026109607694,0.044670893751840926,6.128860083873428,1.7584673291221704,0.00459866220735786,7.033869316488682,0.01800426563204004,0.27325342591157864,2.530278351534264,"[""DescriptiveMessagesWhenVerificationFailsTest"", ""WantedButNotInvoked"", ""IMethods"", ""Mockito""]","[0.11627906976744186, 0.021379588543767647, 0.02134959969500572, 0.0016722408026755853]","[6.128860083873428, 0.38039532069382814, 0.5200152497140679, 0.00459866220735786]"
org.mockitousage.matchers.VerificationAndStubbingUsingMatchersTest.shouldStubUsingMatchers,0.11627906976744186,0.04016448692969523,0.00718849840255591,0.16065794771878092,0.015523213684309908,0.02305825862779358,0.04423372086846006,6.128860083873428,1.7630167768335978,0.03194888178913738,7.052067107334391,0.11086524503225109,0.44093786919077504,2.5268196998362393,"[""VerificationAndStubbingUsingMatchersTest"", ""RuntimeException"", ""OngoingStubbing"", ""Mockito"", ""IMethods""]","[0.11627906976744186, 0.02134959969500572, 0.015840779853777416, 0.00718849840255591]","[6.128860083873428, 0.5200152497140679, 0.37124289195775795, 0.03194888178913738]"
org.mockitousage.junitrunner.ModellingVerboseMockitoTest.shouldNotLogAnythingWhenNoWarnings,0.11627906976744186,0.040113578859906074,0.006984866123399301,0.1604543154396243,0.015282682390662168,0.022893198953991865,0.04427174408823487,6.128860083873428,1.7854428276319478,0.12165308498253784,7.141771310527791,0.30769389428448923,0.6159483059343686,2.511709486713066,"[""ModellingVerboseMockitoTest"", ""Mockito"", ""OngoingStubbing"", ""IMethods""]","[0.11627906976744186, 0.02134959969500572, 0.015840779853777416, 0.006984866123399301]","[6.128860083873428, 0.5200152497140679, 0.37124289195775795, 0.12165308498253784]"
org.mockitousage.junitrunner.ModellingVerboseMockitoTest.shouldLogUnusedStubbingWarningWhenTestFails,0.11627906976744186,0.040113578859906074,0.006984866123399301,0.1604543154396243,0.015282682390662168,0.022893198953991865,0.04427174408823487,6.128860083873428,1.7854428276319478,0.12165308498253784,7.141771310527791,0.30769389428448923,0.6159483059343686,2.511709486713066,"[""OngoingStubbing"", ""Mockito"", ""ModellingVerboseMockitoTest"", ""Boolean"", ""IMethods""]","[0.11627906976744186, 0.02134959969500572, 0.015840779853777416, 0.006984866123399301]","[6.128860083873428, 0.5200152497140679, 0.37124289195775795, 0.12165308498253784]"
org.mockitousage.verification.DescriptiveMessagesWhenVerificationFailsTest.should_print_first_unexpected_invocation,0.11627906976744186,0.040065609652055474,0.001254180602006689,0.1602624386082219,0.004446686543082508,0.016062482845380133,0.044761241440665844,6.128860083873428,1.7578402388211671,0.0020903010033444815,7.0313609552846685,0.008279601700324154,0.22436749821229682,2.5307132164728188,"[""StringBuilder"", ""NoInteractionsWanted"", ""Mockito"", ""DescriptiveMessagesWhenVerificationFailsTest"", ""IMethods""]","[0.11627906976744186, 0.021379588543767647, 0.02134959969500572, 0.001254180602006689]","[6.128860083873428, 0.38039532069382814, 0.5200152497140679, 0.0020903010033444815]"
org.mockitousage.verification.DescriptiveMessagesWhenVerificationFailsTest.should_print_first_unexpected_invocation_when_verifying_zero_interactions,0.11627906976744186,0.040065609652055474,0.001254180602006689,0.1602624386082219,0.004446686543082508,0.016062482845380133,0.044761241440665844,6.128860083873428,1.7578402388211671,0.0020903010033444815,7.0313609552846685,0.008279601700324154,0.22436749821229682,2.5307132164728188,"[""StringBuilder"", ""NoInteractionsWanted"", ""Mockito"", ""DescriptiveMessagesWhenVerificationFailsTest"", ""IMethods""]","[0.11627906976744186, 0.021379588543767647, 0.02134959969500572, 0.001254180602006689]","[6.128860083873428, 0.38039532069382814, 0.5200152497140679, 0.0020903010033444815]"
org.mockitousage.misuse.DetectingMisusedMatchersTest.shouldSayUnfinishedVerificationButNotInvalidUseOfMatchers,0.11627906976744186,0.05329703491617526,0.009076348104644954,0.15989110474852578,0.0203070388886431,0.03315585743786967,0.04573180525760209,6.128860083873428,2.8364588274098934,0.19594233849439402,8.50937648222968,0.5240669125776897,1.379192612011849,2.4655754644003127,"[""Mockito"", ""DetectingMisusedMatchersTest"", ""Object"", ""DetectingMisusedMatchersTest$WithFinal"", ""Matchers""]","[0.11627906976744186, 0.03453568687643899, 0.009076348104644954]","[6.128860083873428, 2.1845740598618573, 0.19594233849439402]"
org.mockitousage.bugs.StubbingMocksThatAreConfiguredToReturnMocksTest.shouldAllowStubbingMocksConfiguredWithRETURNS_MOCKSWithDoApi,0.11627906976744186,0.039933122868421565,0.0014727540500736377,0.15973249147368626,0.005109144913221013,0.016572415188756923,0.044793471161350636,6.128860083873428,1.7485679761968225,0.0007363770250368188,6.99427190478729,0.0029347295786638157,0.16864434628354152,2.535851588214878,"[""StubbingMocksThatAreConfiguredToReturnMocksTest"", ""Stubber"", ""IMethods"", ""Mockito""]","[0.11627906976744186, 0.02134959969500572, 0.02063106796116505, 0.0014727540500736377]","[6.128860083873428, 0.5200152497140679, 0.3446601941747573, 0.0007363770250368188]"
org.mockitousage.verification.VerificationInOrderTest.shouldMessagesPointToProperMethod,0.11627906976744186,0.03183665399266616,0.0016722408026755853,0.1591832699633308,0.005536036883060626,0.012700947180165702,0.04277298454462308,6.128860083873428,1.4200332350828768,0.00459866220735786,7.100166175414384,0.020252450261016183,0.18872870687812918,2.3629537291734914,"[""Mockito"", ""VerificationInOrderTest"", ""WantedButNotInvoked"", ""InOrder"", ""IMethods""]","[0.11627906976744186, 0.02134959969500572, 0.014324428958575301, 0.0055579307396323215, 0.0016722408026755853]","[6.128860083873428, 0.5200152497140679, 0.4065040650406504, 0.040188114578879865, 0.00459866220735786]"
org.mockitousage.matchers.HamcrestMatchersTest.shouldAcceptHamcrestMatcher,0.11627906976744186,0.03978102044127896,0.005654632448890822,0.15912408176511583,0.013540335972686215,0.021715411132216228,0.04452362939560485,6.128860083873428,1.7590530448595627,0.016093953892996955,7.036212179438251,0.05977735409647944,0.3714746409870871,2.5295430234181855,"[""String"", ""OngoingStubbing"", ""Mockito"", ""HamcrestMatchersTest$ContainsX"", ""BaseMatcher"", ""HamcrestMatchersTest"", ""Description"", ""IMethods""]","[0.11627906976744186, 0.02134959969500572, 0.015840779853777416, 0.005654632448890822]","[6.128860083873428, 0.5200152497140679, 0.37124289195775795, 0.016093953892996955]"
org.mockitousage.stacktrace.StackTraceFilteringTest.shouldFilterStackTraceOnVerifyNoMoreInteractions,0.11627906976744186,0.039774651167915474,0.008357709987463435,0.1590986046716619,0.01591381133273991,0.022838298535392165,0.044413730246123294,6.128860083873428,1.7614583398052843,0.1065608023401588,7.045833359221137,0.2682033677485589,0.5603978132992534,2.525771446907151,"[""StackTraceFilteringTest"", ""StringBuilder"", ""Object"", ""String"", ""Mockito"", ""Throwable"", ""StackTraceElement"", ""ExtraMatchers$3"", ""ExtraMatchers"", ""IMethods""]","[0.11627906976744186, 0.02134959969500572, 0.013112225221750868, 0.008357709987463435]","[6.128860083873428, 0.5200152497140679, 0.29039722329348244, 0.1065608023401588]"
org.mockitousage.stacktrace.StackTraceFilteringTest.shouldFilterStacktraceOnMockitoException,0.11627906976744186,0.039774651167915474,0.008357709987463435,0.1590986046716619,0.01591381133273991,0.022838298535392165,0.044413730246123294,6.128860083873428,1.7614583398052843,0.1065608023401588,7.045833359221137,0.2682033677485589,0.5603978132992534,2.525771446907151,"[""StackTraceFilteringTest"", ""StringBuilder"", ""Object"", ""String"", ""Mockito"", ""Throwable"", ""StackTraceElement"", ""ExtraMatchers$3"", ""ExtraMatchers"", ""IMethods""]","[0.11627906976744186, 0.02134959969500572, 0.013112225221750868, 0.008357709987463435]","[6.128860083873428, 0.5200152497140679, 0.29039722329348244, 0.1065608023401588]"
org.mockitousage.stacktrace.StackTraceFilteringTest.shouldFilterStackTraceOnVerifyZeroInteractions,0.11627906976744186,0.039774651167915474,0.008357709987463435,0.1590986046716619,0.01591381133273991,0.022838298535392165,0.044413730246123294,6.128860083873428,1.7614583398052843,0.1065608023401588,7.045833359221137,0.2682033677485589,0.5603978132992534,2.525771446907151,"[""StackTraceFilteringTest"", ""StringBuilder"", ""Object"", ""String"", ""Mockito"", ""Throwable"", ""StackTraceElement"", ""ExtraMatchers$3"", ""ExtraMatchers"", ""IMethods""]","[0.11627906976744186, 0.02134959969500572, 0.013112225221750868, 0.008357709987463435]","[6.128860083873428, 0.5200152497140679, 0.29039722329348244, 0.1065608023401588]"
org.mockitousage.stacktrace.StackTraceFilteringTest.shouldFilterStackTraceOnVerify,0.11627906976744186,0.039774651167915474,0.008357709987463435,0.1590986046716619,0.01591381133273991,0.022838298535392165,0.044413730246123294,6.128860083873428,1.7614583398052843,0.1065608023401588,7.045833359221137,0.2682033677485589,0.5603978132992534,2.525771446907151,"[""StackTraceFilteringTest"", ""StringBuilder"", ""Object"", ""String"", ""Mockito"", ""Throwable"", ""StackTraceElement"", ""ExtraMatchers$3"", ""ExtraMatchers"", ""IMethods""]","[0.11627906976744186, 0.02134959969500572, 0.013112225221750868, 0.008357709987463435]","[6.128860083873428, 0.5200152497140679, 0.29039722329348244, 0.1065608023401588]"
org.mockitousage.performance.StubOnlyAvoidMemoryConsumptionTest.using_stub_only_wont_thrown_an_OutOfMemoryError,0.11627906976744186,0.0397506648309065,0.001288659793814433,0.159002659323626,0.004510601772930854,0.015699624812348885,0.04502225035459931,6.128860083873428,1.7811805276262913,0.0,7.124722110505165,0.6729788561536537,1.1243056146084398,2.6564601273930086,"[""Object"", ""OngoingStubbing"", ""Mockito"", ""MockSettings"", ""StubOnlyAvoidMemoryConsumptionTest""]","[0.11627906976744186, 0.025594149908592323, 0.015840779853777416, 0.001288659793814433]","[6.128860083873428, 0.6246191346739792, 0.37124289195775795, 0.0]"
org.mockitousage.matchers.CapturingArgumentsTest.should_capture_byte_vararg_by_creating_captor_with_primitive,0.11627906976744186,0.039747357656751005,0.0071174377224199285,0.15898943062700402,0.01502925336816303,0.022397862508524175,0.04447119262161099,6.128860083873428,1.8199077429364228,0.1767497034400949,7.279630971745691,0.40215088365327,0.7111381909342318,2.4911065243611032,"[""CapturingArgumentsTest"", ""Mockito"", ""Byte"", ""ArgumentCaptor"", ""IMethods""]","[0.11627906976744186, 0.02134959969500572, 0.014243323442136498, 0.0071174377224199285]","[6.128860083873428, 0.5200152497140679, 0.4540059347181009, 0.1767497034400949]"
org.mockitousage.matchers.CapturingArgumentsTest.should_capture_byte_vararg_by_creating_captor_with_primitive_wrapper,0.11627906976744186,0.039747357656751005,0.0071174377224199285,0.15898943062700402,0.01502925336816303,0.022397862508524175,0.04447119262161099,6.128860083873428,1.8199077429364228,0.1767497034400949,7.279630971745691,0.40215088365327,0.7111381909342318,2.4911065243611032,"[""CapturingArgumentsTest"", ""Mockito"", ""Byte"", ""ArgumentCaptor"", ""IMethods""]","[0.11627906976744186, 0.02134959969500572, 0.014243323442136498, 0.0071174377224199285]","[6.128860083873428, 0.5200152497140679, 0.4540059347181009, 0.1767497034400949]"
org.mockitousage.matchers.CapturingArgumentsTest.should_capture_int_by_creating_captor_with_primitive,0.11627906976744186,0.039747357656751005,0.0071174377224199285,0.15898943062700402,0.01502925336816303,0.022397862508524175,0.04447119262161099,6.128860083873428,1.8199077429364228,0.1767497034400949,7.279630971745691,0.40215088365327,0.7111381909342318,2.4911065243611032,"[""CapturingArgumentsTest"", ""Mockito"", ""Integer"", ""ArgumentCaptor"", ""IMethods""]","[0.11627906976744186, 0.02134959969500572, 0.014243323442136498, 0.0071174377224199285]","[6.128860083873428, 0.5200152497140679, 0.4540059347181009, 0.1767497034400949]"
org.mockitousage.matchers.CapturingArgumentsTest.should_capture_int_by_creating_captor_with_primitive_wrapper,0.11627906976744186,0.039747357656751005,0.0071174377224199285,0.15898943062700402,0.01502925336816303,0.022397862508524175,0.04447119262161099,6.128860083873428,1.8199077429364228,0.1767497034400949,7.279630971745691,0.40215088365327,0.7111381909342318,2.4911065243611032,"[""CapturingArgumentsTest"", ""Mockito"", ""Integer"", ""ArgumentCaptor"", ""IMethods""]","[0.11627906976744186, 0.02134959969500572, 0.014243323442136498, 0.0071174377224199285]","[6.128860083873428, 0.5200152497140679, 0.4540059347181009, 0.1767497034400949]"
org.mockitousage.verification.AtLeastXVerificationTest.shouldFailVerifiationAtLeastXTimes,0.11627906976744186,0.05295255069541336,0.00804289544235925,0.1588576520862401,0.018531228551818806,0.031846425243050515,0.04606627843175094,6.128860083873428,2.77203836962758,0.002680965147453083,8.31611510888274,0.008029529018721589,0.3298723258022516,2.535265059793542,"[""AtLeastXVerificationTest"", ""Matchers"", ""List"", ""Mockito""]","[0.11627906976744186, 0.03453568687643899, 0.00804289544235925]","[6.128860083873428, 2.1845740598618573, 0.002680965147453083]"
org.mockitousage.matchers.AnyXMatchersAcceptNullsTest.shouldNotAcceptNullInAllAnyPrimitiveWrapperMatchers,0.11627906976744186,0.03966514430168485,0.005191127890514393,0.1586605772067394,0.01285331123773658,0.02125604168105153,0.04461280897448677,6.128860083873428,1.8019856677596027,0.18782444549315716,7.207942671038411,0.3958844691422376,0.6865963846826864,2.500891426448881,"[""Double"", ""OngoingStubbing"", ""Mockito"", ""Character"", ""Short"", ""Float"", ""AnyXMatchersAcceptNullsTest"", ""Boolean"", ""Integer"", ""Byte"", ""Long"", ""IMethods""]","[0.11627906976744186, 0.02134959969500572, 0.015840779853777416, 0.005191127890514393]","[6.128860083873428, 0.5200152497140679, 0.37124289195775795, 0.18782444549315716]"
org.mockitousage.matchers.AnyXMatchersAcceptNullsTest.shouldAcceptNullsInAnyObjectMatcher,0.11627906976744186,0.03966514430168485,0.005191127890514393,0.1586605772067394,0.01285331123773658,0.02125604168105153,0.04461280897448677,6.128860083873428,1.8019856677596027,0.18782444549315716,7.207942671038411,0.3958844691422376,0.6865963846826864,2.500891426448881,"[""AnyXMatchersAcceptNullsTest"", ""IMethods"", ""OngoingStubbing"", ""Mockito""]","[0.11627906976744186, 0.02134959969500572, 0.015840779853777416, 0.005191127890514393]","[6.128860083873428, 0.5200152497140679, 0.37124289195775795, 0.18782444549315716]"
org.mockitousage.matchers.AnyXMatchersAcceptNullsTest.shouldNotAcceptNullInAnyXMatchers,0.11627906976744186,0.03966514430168485,0.005191127890514393,0.1586605772067394,0.01285331123773658,0.02125604168105153,0.04461280897448677,6.128860083873428,1.8019856677596027,0.18782444549315716,7.207942671038411,0.3958844691422376,0.6865963846826864,2.500891426448881,"[""AnyXMatchersAcceptNullsTest"", ""IMethods"", ""OngoingStubbing"", ""Mockito""]","[0.11627906976744186, 0.02134959969500572, 0.015840779853777416, 0.005191127890514393]","[6.128860083873428, 0.5200152497140679, 0.37124289195775795, 0.18782444549315716]"
org.mockitousage.matchers.AnyXMatchersAcceptNullsTest.shouldAcceptNullsInAnyMatcher,0.11627906976744186,0.03966514430168485,0.005191127890514393,0.1586605772067394,0.01285331123773658,0.02125604168105153,0.04461280897448677,6.128860083873428,1.8019856677596027,0.18782444549315716,7.207942671038411,0.3958844691422376,0.6865963846826864,2.500891426448881,"[""AnyXMatchersAcceptNullsTest"", ""IMethods"", ""OngoingStubbing"", ""Mockito""]","[0.11627906976744186, 0.02134959969500572, 0.015840779853777416, 0.005191127890514393]","[6.128860083873428, 0.5200152497140679, 0.37124289195775795, 0.18782444549315716]"
org.mockitousage.misuse.InvalidUsageTest.shouldNotAllowVerifyingInOrderUnfamilarMocks,0.11627906976744186,0.0394617735073101,0.0055579307396323215,0.1578470940292404,0.013176407200898913,0.02120744033209307,0.04470324896781104,6.128860083873428,1.7409387015477669,0.040188114578879865,6.9637548061910675,0.1306779095652695,0.4330964298534613,2.5390422389245395,"[""InvalidUsageTest"", ""IMethods"", ""InOrder"", ""Mockito""]","[0.11627906976744186, 0.02134959969500572, 0.014660493827160493, 0.0055579307396323215]","[6.128860083873428, 0.5200152497140679, 0.27469135802469136, 0.040188114578879865]"
org.mockitousage.verification.VerificationInOrderTest.shouldVerifyInOrderUsingMatcher,0.11627906976744186,0.0393777572901638,0.0055579307396323215,0.1575110291606552,0.013107312005192707,0.02108484600188453,0.04475007333905227,6.128860083873428,1.7738918783017565,0.040188114578879865,7.095567513207026,0.1359196037171345,0.4776827713824748,2.520586878261709,"[""Mockito"", ""VerificationInOrderTest"", ""InOrder"", ""IMethods""]","[0.11627906976744186, 0.02134959969500572, 0.014324428958575301, 0.0055579307396323215]","[6.128860083873428, 0.5200152497140679, 0.4065040650406504, 0.040188114578879865]"
org.mockitousage.verification.VerificationInOrderTest.shouldVerifyInOrderWhenTwoChunksAreEqual,0.11627906976744186,0.0393777572901638,0.0055579307396323215,0.1575110291606552,0.013107312005192707,0.02108484600188453,0.04475007333905227,6.128860083873428,1.7738918783017565,0.040188114578879865,7.095567513207026,0.1359196037171345,0.4776827713824748,2.520586878261709,"[""Mockito"", ""VerificationInOrderTest"", ""InOrder"", ""IMethods""]","[0.11627906976744186, 0.02134959969500572, 0.014324428958575301, 0.0055579307396323215]","[6.128860083873428, 0.5200152497140679, 0.4065040650406504, 0.040188114578879865]"
org.mockitousage.verification.VerificationInOrderTest.shouldVerifySingleMockInOrderAndNotInOrder,0.11627906976744186,0.0393777572901638,0.0055579307396323215,0.1575110291606552,0.013107312005192707,0.02108484600188453,0.04475007333905227,6.128860083873428,1.7738918783017565,0.040188114578879865,7.095567513207026,0.1359196037171345,0.4776827713824748,2.520586878261709,"[""VerificationInOrderTest"", ""IMethods"", ""InOrder"", ""Mockito""]","[0.11627906976744186, 0.02134959969500572, 0.014324428958575301, 0.0055579307396323215]","[6.128860083873428, 0.5200152497140679, 0.4065040650406504, 0.040188114578879865]"
org.mockitousage.basicapi.MockingMultipleInterfacesTest.should_mock_class_with_interfaces_of_different_class_loader_AND_different_classpaths,0.11627906976744186,0.026193084264511255,0.001229256299938537,0.15715850558706754,0.003828960923326577,0.008306671655134962,0.04109284530277261,6.128860083873428,1.5179785799038454,0.014367816091954023,9.107871479423073,0.07553328393475353,0.4506232047643468,2.127054267369618,"[""MockingMultipleInterfacesTest"", ""ClassLoaders$InMemoryClassLoaderBuilder"", ""ClassLoaders$InMemoryClassLoader$1"", ""IllegalStateException"", ""Map"", ""ClassLoaders$InMemoryClassLoader"", ""ClassLoaders"", ""MockSettings"", ""HashMap"", ""ClassNotFoundException"", ""ClassLoaders$MemHandler$MemURLConnection"", ""URLConnection"", ""URL"", ""StringBuilder"", ""Object"", ""String"", ""Mockito"", ""SimpleClassGenerator"", ""URLStreamHandler"", ""Class"", ""Set"", ""Iterator"", ""ClassLoader"", ""ByteArrayInputStream"", ""ClassWriter"", ""ClassLoaders$MemHandler""]","[0.11627906976744186, 0.025594149908592323, 0.005698005698005698, 0.005484460694698354, 0.0028735632183908046, 0.001229256299938537]","[6.128860083873428, 0.6246191346739792, 0.5056980056980057, 0.182205971968312, 0.014367816091954023, 1.652120467117394]"
org.mockitousage.stubbing.StubbingWithDelegateTest.when_stubbed_the_delegate_should_not_be_called,0.11627906976744186,0.03923556307202116,0.006172839506172839,0.15694225228808464,0.013735111232648547,0.02128443809894591,0.044774236022119204,6.128860083873428,1.7467280781461247,0.17697228144989338,6.986912312584499,0.34224158510462244,0.5955104586332731,2.5309078460049506,"[""ArrayList"", ""Mockito"", ""Stubber"", ""AdditionalAnswers"", ""StubbingWithDelegateTest"", ""Integer"", ""List""]","[0.11627906976744186, 0.02063106796116505, 0.013859275053304905, 0.006172839506172839]","[6.128860083873428, 0.3446601941747573, 0.17697228144989338, 0.33641975308641975]"
org.mockitousage.stubbing.StubbingWithDelegateTest.delegate_should_not_be_called_when_stubbed2,0.11627906976744186,0.03923556307202116,0.006172839506172839,0.15694225228808464,0.013735111232648547,0.02128443809894591,0.044774236022119204,6.128860083873428,1.7467280781461247,0.17697228144989338,6.986912312584499,0.34224158510462244,0.5955104586332731,2.5309078460049506,"[""ArrayList"", ""Mockito"", ""Stubber"", ""AdditionalAnswers"", ""StubbingWithDelegateTest"", ""Boolean"", ""List""]","[0.11627906976744186, 0.02063106796116505, 0.013859275053304905, 0.006172839506172839]","[6.128860083873428, 0.3446601941747573, 0.17697228144989338, 0.33641975308641975]"
org.mockitousage.basicapi.MocksSerializationForAnnotationTest.should_verify_call_order_for_serialized_mock,0.11627906976744186,0.031362328021087106,0.0025412960609911056,0.15681164010543552,0.006953284919848958,0.013119256760285034,0.04293913724318779,6.128860083873428,1.5760213262842728,0.005082592121982211,7.880106631421364,0.022265530156013492,0.23852273860216763,2.3161290604858196,"[""ByteArrayOutputStream"", ""Mockito"", ""SimpleSerializationUtil"", ""ObjectInputStream"", ""Class"", ""MocksSerializationForAnnotationTest"", ""ObjectOutputStream"", ""ByteArrayInputStream"", ""InOrder"", ""IMethods""]","[0.11627906976744186, 0.02134959969500572, 0.011083743842364532, 0.0055579307396323215, 0.0025412960609911056]","[6.128860083873428, 0.5200152497140679, 1.185960591133005, 0.040188114578879865, 0.005082592121982211]"
org.concurrentmockito.ThreadsShareGenerouslyStubbedMockTest.shouldAllowVerifyingInThreads,0.11627906976744186,0.03908301118401808,0.0028625954198473282,0.15633204473607232,0.008548820163002985,0.018317110017715656,0.04507167952049225,6.128860083873428,1.7575343273786799,0.010019083969465648,7.0301373095147195,0.03824480768022027,0.32996698427037213,2.530590632977172,"[""ThreadsShareGenerouslyStubbedMockTest"", ""RuntimeException"", ""OngoingStubbing"", ""Mockito"", ""Thread"", ""ThreadsShareGenerouslyStubbedMockTest$1"", ""IMethods""]","[0.11627906976744186, 0.02134959969500572, 0.015840779853777416, 0.0028625954198473282]","[6.128860083873428, 0.5200152497140679, 0.37124289195775795, 0.010019083969465648]"
org.mockitousage.matchers.NewMatchersTest.shouldAllowAnyMap,0.11627906976744186,0.03907799336942009,0.0028425241614553724,0.15631197347768036,0.008503989067857277,0.01828491737124892,0.04507571258444267,6.128860083873428,1.7803280214232662,0.10119386014781126,7.121312085693065,0.27281668694014316,0.5882365748178223,2.5151109227195843,"[""OngoingStubbing"", ""Mockito"", ""NewMatchersTest"", ""HashMap"", ""IMethods""]","[0.11627906976744186, 0.02134959969500572, 0.015840779853777416, 0.0028425241614553724]","[6.128860083873428, 0.5200152497140679, 0.37124289195775795, 0.10119386014781126]"
org.mockitousage.matchers.NewMatchersTest.shouldAllowAnyCollection,0.11627906976744186,0.03907799336942009,0.0028425241614553724,0.15631197347768036,0.008503989067857277,0.01828491737124892,0.04507571258444267,6.128860083873428,1.7803280214232662,0.10119386014781126,7.121312085693065,0.27281668694014316,0.5882365748178223,2.5151109227195843,"[""OngoingStubbing"", ""Mockito"", ""NewMatchersTest"", ""Arrays"", ""IMethods""]","[0.11627906976744186, 0.02134959969500572, 0.015840779853777416, 0.0028425241614553724]","[6.128860083873428, 0.5200152497140679, 0.37124289195775795, 0.10119386014781126]"
org.mockitousage.matchers.NewMatchersTest.shouldAllowAnyList,0.11627906976744186,0.03907799336942009,0.0028425241614553724,0.15631197347768036,0.008503989067857277,0.01828491737124892,0.04507571258444267,6.128860083873428,1.7803280214232662,0.10119386014781126,7.121312085693065,0.27281668694014316,0.5882365748178223,2.5151109227195843,"[""OngoingStubbing"", ""Mockito"", ""NewMatchersTest"", ""Arrays"", ""IMethods""]","[0.11627906976744186, 0.02134959969500572, 0.015840779853777416, 0.0028425241614553724]","[6.128860083873428, 0.5200152497140679, 0.37124289195775795, 0.10119386014781126]"
org.mockitousage.matchers.NewMatchersTest.shouldAllowAnySet,0.11627906976744186,0.03907799336942009,0.0028425241614553724,0.15631197347768036,0.008503989067857277,0.01828491737124892,0.04507571258444267,6.128860083873428,1.7803280214232662,0.10119386014781126,7.121312085693065,0.27281668694014316,0.5882365748178223,2.5151109227195843,"[""OngoingStubbing"", ""Mockito"", ""NewMatchersTest"", ""HashSet"", ""IMethods""]","[0.11627906976744186, 0.02134959969500572, 0.015840779853777416, 0.0028425241614553724]","[6.128860083873428, 0.5200152497140679, 0.37124289195775795, 0.10119386014781126]"
org.mockitousage.verification.VerificationExcludingStubsTest.shouldAllowToExcludeStubsForVerification,0.11627906976744186,0.03905988310467952,0.002770083102493075,0.15623953241871807,0.008340848944895975,0.018167290487035602,0.045090279626778335,6.128860083873428,1.7684182913816966,0.05355493998153278,7.073673165526786,0.17055932024254652,0.5017222574687042,2.5231338743160423,"[""OngoingStubbing"", ""Mockito"", ""VerificationExcludingStubsTest"", ""IMethods""]","[0.11627906976744186, 0.02134959969500572, 0.015840779853777416, 0.002770083102493075]","[6.128860083873428, 0.5200152497140679, 0.37124289195775795, 0.05355493998153278]"
org.mockitousage.examples.use.ExampleTest.managerUpdatesNumberOfRelatedArticles,0.11627906976744186,0.022312708025240817,0.0039032006245121,0.1561889561766857,0.006141505026335855,0.008901714444532426,0.03855648846521333,6.128860083873428,0.9518004288180401,0.01689059500959693,6.66260300172628,0.03894587095432659,0.09274125701966618,2.116776726269564,"[""ArticleManager"", ""ExampleTest"", ""OngoingStubbing"", ""Mockito"", ""ArticleCalculator"", ""ArticleDatabase"", ""Arrays"", ""Object"", ""Iterator"", ""Integer"", ""Article"", ""List""]","[0.11627906976744186, 0.015840779853777416, 0.006346328195829556, 0.0049904030710172746, 0.004606525911708253, 0.004222648752399232, 0.0039032006245121]","[6.128860083873428, 0.37124289195775795, 0.035811423390752495, 0.04990403071017274, 0.01689059500959693, 0.03608445297504798, 0.023809523809523808]"
org.mockitousage.stubbing.StubbingUsingDoReturnTest.shouldAllowDoCallRealMethodInChainedStubbing,0.11627906976744186,0.03902478105325091,0.009108341323106424,0.15609912421300365,0.015034199312522837,0.0216639537972975,0.04483110018365931,6.128860083873428,1.8154529774801698,0.1538830297219559,7.261811909920679,0.3590894914402855,0.6738801388415743,2.496216776679168,"[""Stubber"", ""MethodsImpl"", ""StubbingUsingDoReturnTest"", ""Mockito""]","[0.11627906976744186, 0.02063106796116505, 0.010080645161290322, 0.009108341323106424]","[6.128860083873428, 0.3446601941747573, 0.6344086021505376, 0.1538830297219559]"
org.mockitousage.verification.DescriptiveMessagesOnVerificationInOrderErrorsTest.shouldPrintVerificationInOrderErrorAndShowBothWantedAndPrevious,0.11627906976744186,0.031204134947952756,0.001718213058419244,0.15602067473976378,0.005510711217839928,0.012138496891421833,0.04304774677149836,6.128860083873428,1.3588215111159092,0.0028636884306987398,6.794107555579546,0.01295485222623246,0.1302438941025679,2.3922134693862014,"[""VerificationInOrderFailure"", ""Mockito"", ""DescriptiveMessagesOnVerificationInOrderErrorsTest"", ""InOrder"", ""IMethods""]","[0.11627906976744186, 0.02134959969500572, 0.011115861479264643, 0.0055579307396323215, 0.001718213058419244]","[6.128860083873428, 0.5200152497140679, 0.10218041898247114, 0.040188114578879865, 0.0028636884306987398]"
org.mockitousage.verification.DescriptiveMessagesOnVerificationInOrderErrorsTest.shouldPrintTooManyInvocations,0.11627906976744186,0.031204134947952756,0.001718213058419244,0.15602067473976378,0.005510711217839928,0.012138496891421833,0.04304774677149836,6.128860083873428,1.3588215111159092,0.0028636884306987398,6.794107555579546,0.01295485222623246,0.1302438941025679,2.3922134693862014,"[""VerificationInOrderFailure"", ""Mockito"", ""DescriptiveMessagesOnVerificationInOrderErrorsTest"", ""InOrder"", ""IMethods""]","[0.11627906976744186, 0.02134959969500572, 0.011115861479264643, 0.0055579307396323215, 0.001718213058419244]","[6.128860083873428, 0.5200152497140679, 0.10218041898247114, 0.040188114578879865, 0.0028636884306987398]"
org.mockitousage.verification.DescriptiveMessagesOnVerificationInOrderErrorsTest.shouldPrintMethodThatWasNotInvoked,0.11627906976744186,0.031204134947952756,0.001718213058419244,0.15602067473976378,0.005510711217839928,0.012138496891421833,0.04304774677149836,6.128860083873428,1.3588215111159092,0.0028636884306987398,6.794107555579546,0.01295485222623246,0.1302438941025679,2.3922134693862014,"[""VerificationInOrderFailure"", ""Mockito"", ""DescriptiveMessagesOnVerificationInOrderErrorsTest"", ""InOrder"", ""IMethods""]","[0.11627906976744186, 0.02134959969500572, 0.011115861479264643, 0.0055579307396323215, 0.001718213058419244]","[6.128860083873428, 0.5200152497140679, 0.10218041898247114, 0.040188114578879865, 0.0028636884306987398]"
org.mockitousage.verification.DescriptiveMessagesOnVerificationInOrderErrorsTest.shouldPrintTooLittleInvocations,0.11627906976744186,0.031204134947952756,0.001718213058419244,0.15602067473976378,0.005510711217839928,0.012138496891421833,0.04304774677149836,6.128860083873428,1.3588215111159092,0.0028636884306987398,6.794107555579546,0.01295485222623246,0.1302438941025679,2.3922134693862014,"[""VerificationInOrderFailure"", ""Mockito"", ""DescriptiveMessagesOnVerificationInOrderErrorsTest"", ""InOrder"", ""IMethods""]","[0.11627906976744186, 0.02134959969500572, 0.011115861479264643, 0.0055579307396323215, 0.001718213058419244]","[6.128860083873428, 0.5200152497140679, 0.10218041898247114, 0.040188114578879865, 0.0028636884306987398]"
org.mockitousage.basicapi.UsingVarargsTest.shouldStubStringVarargs,0.11627906976744186,0.038963518741005926,0.009563409563409564,0.1558540749640237,0.016203451175453243,0.022352259392722784,0.04469731542264488,6.128860083873428,1.7609304522485636,0.2650325545767905,7.043721808994254,0.3914089504152587,0.6402125741254154,2.5221565946379543,"[""RuntimeException"", ""OngoingStubbing"", ""Mockito"", ""UsingVarargsTest$IVarArgs"", ""VoidMethodStubbable"", ""UsingVarargsTest""]","[0.11627906976744186, 0.015840779853777416, 0.014170815779394868, 0.009563409563409564]","[6.128860083873428, 0.37124289195775795, 0.2650325545767905, 0.2785862785862786]"
org.mockitousage.bugs.VerifyingWithAnExtraCallToADifferentMockTest.shouldAllowVerifyingWhenOtherMockCallIsInTheSameLine,0.11627906976744186,0.03896165709926227,0.002377179080824089,0.15584662839704908,0.007417927711547223,0.017485676360980567,0.04516958563069506,6.128860083873428,1.7562181459267254,0.004754358161648178,7.024872583706902,0.018594863293235175,0.27386495235015923,2.531500393642753,"[""Mockito"", ""VerifyingWithAnExtraCallToADifferentMockTest"", ""OngoingStubbing"", ""IMethods""]","[0.11627906976744186, 0.02134959969500572, 0.015840779853777416, 0.002377179080824089]","[6.128860083873428, 0.5200152497140679, 0.37124289195775795, 0.004754358161648178]"
org.mockito.internal.junit.JUnitRuleTest.shouldDetectUnfinishedStubbing,0.11627906976744186,0.03892367128718062,0.010101010101010102,0.15569468514872248,0.016379609867474068,0.022406298085069713,0.04470124511278798,6.128860083873428,1.7038167680529366,0.08080808080808081,6.815267072211746,0.17836405874294284,0.4173295107699365,2.5593820749335814,"[""JUnitRule"", ""Object"", ""Mockito"", ""JUnitRuleTest$InjectTestCase"", ""MockitoAnnotations"", ""Statement"", ""JUnitRuleTest$InjectTestCase$Injected"", ""JUnitRuleTest$UnfinishedStubbingStatement"", ""JUnitRuleTest""]","[0.11627906976744186, 0.015151515151515152, 0.014163090128755365, 0.010101010101010102]","[6.128860083873428, 0.4772727272727273, 0.12832618025751072, 0.08080808080808081]"
org.mockitousage.stubbing.StubbingWithThrowablesTest.shouldStubbingWithThrowableBeVerifiable,0.11627906976744186,0.038852000461425985,0.009563409563409564,0.15540800184570394,0.016054293460821087,0.02217424124685005,0.0447595464022177,6.128860083873428,1.7607226376607898,0.26420129622569577,7.042890550643159,0.3909548005745659,0.6397099857444546,2.5222798727037294,"[""RuntimeException"", ""OngoingStubbing"", ""Mockito"", ""LinkedList"", ""VoidMethodStubbable"", ""StubbingWithThrowablesTest"", ""Integer""]","[0.11627906976744186, 0.015840779853777416, 0.013724742661075104, 0.009563409563409564]","[6.128860083873428, 0.37124289195775795, 0.26420129622569577, 0.2785862785862786]"
org.mockitousage.stubbing.StubbingWithThrowablesTest.shouldStubbingWithThrowableFailVerification,0.11627906976744186,0.038852000461425985,0.009563409563409564,0.15540800184570394,0.016054293460821087,0.02217424124685005,0.0447595464022177,6.128860083873428,1.7607226376607898,0.26420129622569577,7.042890550643159,0.3909548005745659,0.6397099857444546,2.5222798727037294,"[""RuntimeException"", ""OngoingStubbing"", ""Mockito"", ""LinkedList"", ""VoidMethodStubbable"", ""StubbingWithThrowablesTest"", ""Integer""]","[0.11627906976744186, 0.015840779853777416, 0.013724742661075104, 0.009563409563409564]","[6.128860083873428, 0.37124289195775795, 0.26420129622569577, 0.2785862785862786]"
org.mockitousage.stubbing.StubbingWithThrowablesTest.shouldMixThrowablesAndReturnsOnDifferentMocks,0.11627906976744186,0.038852000461425985,0.009563409563409564,0.15540800184570394,0.016054293460821087,0.02217424124685005,0.0447595464022177,6.128860083873428,1.7607226376607898,0.26420129622569577,7.042890550643159,0.3909548005745659,0.6397099857444546,2.5222798727037294,"[""StubbingWithThrowablesTest$ExceptionOne"", ""OngoingStubbing"", ""Mockito"", ""StubbingWithThrowablesTest$ExceptionTwo"", ""Map"", ""RuntimeException"", ""LinkedList"", ""VoidMethodStubbable"", ""StubbingWithThrowablesTest$ExceptionFour"", ""StubbingWithThrowablesTest"", ""Set"", ""Boolean"", ""StubbingWithThrowablesTest$ExceptionThree""]","[0.11627906976744186, 0.015840779853777416, 0.013724742661075104, 0.009563409563409564]","[6.128860083873428, 0.37124289195775795, 0.26420129622569577, 0.2785862785862786]"
org.mockitousage.stubbing.StubbingConsecutiveAnswersTest.shouldThrowConsecutivelySetByShortenThenThrowMethod,0.11627906976744186,0.038833490358888445,0.0018645121193287756,0.15533396143555378,0.0061077950314597585,0.016455393176423902,0.045273817740284605,6.128860083873428,1.7554956844161456,0.0018645121193287756,7.021982737664582,0.007392168990301125,0.21672289135912007,2.5320005014243154,"[""RuntimeException"", ""NullPointerException"", ""Mockito"", ""OngoingStubbing"", ""StubbingConsecutiveAnswersTest"", ""IllegalArgumentException"", ""IMethods""]","[0.11627906976744186, 0.02134959969500572, 0.015840779853777416, 0.0018645121193287756]","[6.128860083873428, 0.5200152497140679, 0.37124289195775795, 0.0018645121193287756]"
org.mockitousage.stubbing.StubbingConsecutiveAnswersTest.shouldValidateConsecutiveException,0.11627906976744186,0.038833490358888445,0.0018645121193287756,0.15533396143555378,0.0061077950314597585,0.016455393176423902,0.045273817740284605,6.128860083873428,1.7554956844161456,0.0018645121193287756,7.021982737664582,0.007392168990301125,0.21672289135912007,2.5320005014243154,"[""Exception"", ""OngoingStubbing"", ""Mockito"", ""StubbingConsecutiveAnswersTest"", ""IMethods""]","[0.11627906976744186, 0.02134959969500572, 0.015840779853777416, 0.0018645121193287756]","[6.128860083873428, 0.5200152497140679, 0.37124289195775795, 0.0018645121193287756]"
org.mockitousage.stubbing.StubbingConsecutiveAnswersTest.shouldReturnConsecutiveValuesSetByShortenThenReturnMethod,0.11627906976744186,0.038833490358888445,0.0018645121193287756,0.15533396143555378,0.0061077950314597585,0.016455393176423902,0.045273817740284605,6.128860083873428,1.7554956844161456,0.0018645121193287756,7.021982737664582,0.007392168990301125,0.21672289135912007,2.5320005014243154,"[""Mockito"", ""StubbingConsecutiveAnswersTest"", ""OngoingStubbing"", ""IMethods""]","[0.11627906976744186, 0.02134959969500572, 0.015840779853777416, 0.0018645121193287756]","[6.128860083873428, 0.5200152497140679, 0.37124289195775795, 0.0018645121193287756]"
org.mockitousage.stubbing.StubbingConsecutiveAnswersTest.shouldReturnConsecutiveValueAndThrowExceptionssSetByShortenReturnMethods,0.11627906976744186,0.038833490358888445,0.0018645121193287756,0.15533396143555378,0.0061077950314597585,0.016455393176423902,0.045273817740284605,6.128860083873428,1.7554956844161456,0.0018645121193287756,7.021982737664582,0.007392168990301125,0.21672289135912007,2.5320005014243154,"[""NullPointerException"", ""OngoingStubbing"", ""Mockito"", ""RuntimeException"", ""StubbingConsecutiveAnswersTest"", ""IllegalArgumentException"", ""IMethods""]","[0.11627906976744186, 0.02134959969500572, 0.015840779853777416, 0.0018645121193287756]","[6.128860083873428, 0.5200152497140679, 0.37124289195775795, 0.0018645121193287756]"
org.mockitousage.stubbing.StubbingConsecutiveAnswersTest.shouldReturnConsecutiveValues,0.11627906976744186,0.038833490358888445,0.0018645121193287756,0.15533396143555378,0.0061077950314597585,0.016455393176423902,0.045273817740284605,6.128860083873428,1.7554956844161456,0.0018645121193287756,7.021982737664582,0.007392168990301125,0.21672289135912007,2.5320005014243154,"[""Mockito"", ""StubbingConsecutiveAnswersTest"", ""OngoingStubbing"", ""IMethods""]","[0.11627906976744186, 0.02134959969500572, 0.015840779853777416, 0.0018645121193287756]","[6.128860083873428, 0.5200152497140679, 0.37124289195775795, 0.0018645121193287756]"
org.mockitousage.stubbing.StubbingConsecutiveAnswersTest.shouldReturnConsecutiveValuesForTwoNulls,0.11627906976744186,0.038833490358888445,0.0018645121193287756,0.15533396143555378,0.0061077950314597585,0.016455393176423902,0.045273817740284605,6.128860083873428,1.7554956844161456,0.0018645121193287756,7.021982737664582,0.007392168990301125,0.21672289135912007,2.5320005014243154,"[""Mockito"", ""StubbingConsecutiveAnswersTest"", ""OngoingStubbing"", ""IMethods""]","[0.11627906976744186, 0.02134959969500572, 0.015840779853777416, 0.0018645121193287756]","[6.128860083873428, 0.5200152497140679, 0.37124289195775795, 0.0018645121193287756]"
org.mockitousage.stubbing.StubbingConsecutiveAnswersTest.shouldMixConsecutiveReturnsWithExcepions,0.11627906976744186,0.038833490358888445,0.0018645121193287756,0.15533396143555378,0.0061077950314597585,0.016455393176423902,0.045273817740284605,6.128860083873428,1.7554956844161456,0.0018645121193287756,7.021982737664582,0.007392168990301125,0.21672289135912007,2.5320005014243154,"[""NullPointerException"", ""OngoingStubbing"", ""Mockito"", ""StubbingConsecutiveAnswersTest"", ""IllegalArgumentException"", ""IMethods""]","[0.11627906976744186, 0.02134959969500572, 0.015840779853777416, 0.0018645121193287756]","[6.128860083873428, 0.5200152497140679, 0.37124289195775795, 0.0018645121193287756]"
org.mockitousage.stubbing.StubbingConsecutiveAnswersTest.shouldThrowConsecutively,0.11627906976744186,0.038833490358888445,0.0018645121193287756,0.15533396143555378,0.0061077950314597585,0.016455393176423902,0.045273817740284605,6.128860083873428,1.7554956844161456,0.0018645121193287756,7.021982737664582,0.007392168990301125,0.21672289135912007,2.5320005014243154,"[""RuntimeException"", ""OngoingStubbing"", ""Mockito"", ""NullPointerException"", ""StubbingConsecutiveAnswersTest"", ""IllegalArgumentException"", ""IMethods""]","[0.11627906976744186, 0.02134959969500572, 0.015840779853777416, 0.0018645121193287756]","[6.128860083873428, 0.5200152497140679, 0.37124289195775795, 0.0018645121193287756]"
org.mockitousage.stacktrace.PointingStackTraceToActualInvocationChunkInOrderTest.shouldPointToThirdChunkWhenTooLittleActualInvocations,0.11627906976744186,0.03104281832220292,0.001718213058419244,0.1552140916110146,0.005468291570508362,0.011956992018644946,0.04312416653460375,6.128860083873428,1.3565984857386588,0.0028636884306987398,6.782992428693294,0.012914881068174705,0.1272783139722818,2.393385079872417,"[""VerificationInOrderFailure"", ""Mockito"", ""PointingStackTraceToActualInvocationChunkInOrderTest"", ""InOrder"", ""IMethods""]","[0.11627906976744186, 0.02134959969500572, 0.010309278350515464, 0.0055579307396323215, 0.001718213058419244]","[6.128860083873428, 0.5200152497140679, 0.09106529209621993, 0.040188114578879865, 0.0028636884306987398]"
org.mockitousage.stacktrace.PointingStackTraceToActualInvocationChunkInOrderTest.shouldPointToFourthChunkBecauseTooManyActualInvocations,0.11627906976744186,0.03104281832220292,0.001718213058419244,0.1552140916110146,0.005468291570508362,0.011956992018644946,0.04312416653460375,6.128860083873428,1.3565984857386588,0.0028636884306987398,6.782992428693294,0.012914881068174705,0.1272783139722818,2.393385079872417,"[""VerificationInOrderFailure"", ""Mockito"", ""PointingStackTraceToActualInvocationChunkInOrderTest"", ""InOrder"", ""IMethods""]","[0.11627906976744186, 0.02134959969500572, 0.010309278350515464, 0.0055579307396323215, 0.001718213058419244]","[6.128860083873428, 0.5200152497140679, 0.09106529209621993, 0.040188114578879865, 0.0028636884306987398]"
org.mockitousage.stacktrace.PointingStackTraceToActualInvocationChunkInOrderTest.shouldPointToThirdInteractionBecauseAtLeastOnceUsed,0.11627906976744186,0.03104281832220292,0.001718213058419244,0.1552140916110146,0.005468291570508362,0.011956992018644946,0.04312416653460375,6.128860083873428,1.3565984857386588,0.0028636884306987398,6.782992428693294,0.012914881068174705,0.1272783139722818,2.393385079872417,"[""VerificationInOrderFailure"", ""Mockito"", ""PointingStackTraceToActualInvocationChunkInOrderTest"", ""InOrder"", ""IMethods""]","[0.11627906976744186, 0.02134959969500572, 0.010309278350515464, 0.0055579307396323215, 0.001718213058419244]","[6.128860083873428, 0.5200152497140679, 0.09106529209621993, 0.040188114578879865, 0.0028636884306987398]"
org.mockitousage.stacktrace.PointingStackTraceToActualInvocationChunkInOrderTest.shouldPointStackTraceToPreviousInvocation,0.11627906976744186,0.03104281832220292,0.001718213058419244,0.1552140916110146,0.005468291570508362,0.011956992018644946,0.04312416653460375,6.128860083873428,1.3565984857386588,0.0028636884306987398,6.782992428693294,0.012914881068174705,0.1272783139722818,2.393385079872417,"[""VerificationInOrderFailure"", ""Mockito"", ""PointingStackTraceToActualInvocationChunkInOrderTest"", ""InOrder"", ""IMethods""]","[0.11627906976744186, 0.02134959969500572, 0.010309278350515464, 0.0055579307396323215, 0.001718213058419244]","[6.128860083873428, 0.5200152497140679, 0.09106529209621993, 0.040188114578879865, 0.0028636884306987398]"
org.mockitousage.bugs.NPEWhenMockingThrowablesTest.shouldNotThrowNPE,0.11627906976744186,0.03879839681181487,0.0017241379310344827,0.15519358724725948,0.005726003646656809,0.01613652304390532,0.045302505588630214,6.128860083873428,1.7553169127081525,0.0011494252873563218,7.02126765083261,0.004572579098838415,0.19203645058520577,2.5321243323286238,"[""Mockito"", ""NPEWhenMockingThrowablesTest"", ""OngoingStubbing"", ""IMethods""]","[0.11627906976744186, 0.02134959969500572, 0.015840779853777416, 0.0017241379310344827]","[6.128860083873428, 0.5200152497140679, 0.37124289195775795, 0.0011494252873563218]"
org.mockito.internal.util.reflection.LenientCopyToolTest.shouldContinueEvenIfThereAreProblemsCopyingSingleFieldValue,0.11627906976744186,0.03102722803174811,0.00425273390036452,0.15513614015874055,0.008436344433493564,0.013653389196820073,0.04301940075705003,6.128860083873428,1.3959191224383127,0.030984204131227218,6.979595612191564,0.10546848821676479,0.3035340119024378,2.3700930112868686,"[""Mockito"", ""Stubber"", ""LenientCopyTool"", ""FieldCopier"", ""IllegalAccessException"", ""LenientCopyToolTest""]","[0.11627906976744186, 0.02063106796116505, 0.00850546780072904, 0.0054678007290400975, 0.00425273390036452]","[6.128860083873428, 0.3446601941747573, 0.36816524908869985, 0.10692588092345079, 0.030984204131227218]"
org.mockitousage.bugs.StubbingMocksThatAreConfiguredToReturnMocksTest.shouldAllowStubbingMocksConfiguredWithRETURNS_MOCKS,0.11627906976744186,0.03873555084157466,0.0014727540500736377,0.15494220336629863,0.005015249550573705,0.015513133051829591,0.0453540383758315,6.128860083873428,1.7552136506425726,0.0007363770250368188,7.0208546025702905,0.0029351769747372343,0.17180608477230908,2.5321958739947603,"[""StubbingMocksThatAreConfiguredToReturnMocksTest"", ""IMethods"", ""OngoingStubbing"", ""Mockito""]","[0.11627906976744186, 0.02134959969500572, 0.015840779853777416, 0.0014727540500736377]","[6.128860083873428, 0.5200152497140679, 0.37124289195775795, 0.0007363770250368188]"
org.mockitousage.annotation.CaptorAnnotationBasicTest.shouldCaptureGenericList,0.11627906976744186,0.03873077473262962,0.0030511060259344014,0.15492309893051848,0.008822278353384762,0.018123412706893494,0.045245213388320445,6.128860083873428,1.7955525062449726,0.07932875667429443,7.182210024979891,0.23676251015670133,0.5820656774089237,2.507474876110253,"[""Mockito"", ""LinkedList"", ""CaptorAnnotationBasicTest"", ""ArgumentCaptor"", ""IMethods""]","[0.11627906976744186, 0.02134959969500572, 0.014243323442136498, 0.0030511060259344014]","[6.128860083873428, 0.5200152497140679, 0.4540059347181009, 0.07932875667429443]"
org.mockitousage.stubbing.StubbingWithCustomAnswerTest.shoudAnswerVoidMethod,0.11627906976744186,0.03870278166122619,0.007619047619047619,0.15481112664490476,0.013733693238555212,0.020622968674549227,0.04509577288657786,6.128860083873428,1.7732939744720149,0.1657142857142857,7.0931758978880595,0.34158202680766264,0.6193396216505521,2.517941979431988,"[""Object"", ""Mockito"", ""StubbingWithCustomAnswerTest$RecordCall"", ""VoidMethodStubbable"", ""StubbingWithCustomAnswerTest"", ""IMethods""]","[0.11627906976744186, 0.02134959969500572, 0.009563409563409564, 0.007619047619047619]","[6.128860083873428, 0.5200152497140679, 0.2785862785862786, 0.1657142857142857]"
org.mockitousage.stubbing.StubbingWithCustomAnswerTest.shouldAnswerVoidMethodConsecutively,0.11627906976744186,0.03870278166122619,0.007619047619047619,0.15481112664490476,0.013733693238555212,0.020622968674549227,0.04509577288657786,6.128860083873428,1.7732939744720149,0.1657142857142857,7.0931758978880595,0.34158202680766264,0.6193396216505521,2.517941979431988,"[""Object"", ""Mockito"", ""StubbingWithCustomAnswerTest$RecordCall"", ""VoidMethodStubbable"", ""UnsupportedOperationException"", ""StubbingWithCustomAnswerTest"", ""IMethods""]","[0.11627906976744186, 0.02134959969500572, 0.009563409563409564, 0.007619047619047619]","[6.128860083873428, 0.5200152497140679, 0.2785862785862786, 0.1657142857142857]"
org.mockitousage.basicapi.MockingMultipleInterfacesTest.should_scream_when_the_same_interfaces_passed,0.11627906976744186,0.03867481421942193,0.005484460694698354,0.1546992568776877,0.010922536902913291,0.01860550142294794,0.0454887228074637,6.128860083873428,1.7447404630076007,0.04327666151468315,6.978961852030403,0.13175414892364798,0.4168241155297579,2.5402593245437926,"[""MockingMultipleInterfacesTest"", ""MockSettings"", ""MockitoException"", ""Mockito""]","[0.11627906976744186, 0.025594149908592323, 0.007341576506955177, 0.005484460694698354]","[6.128860083873428, 0.6246191346739792, 0.04327666151468315, 0.182205971968312]"
org.mockitousage.basicapi.MockingMultipleInterfacesTest.should_scream_when_null_passed_instead_of_an_array,0.11627906976744186,0.03867481421942193,0.005484460694698354,0.1546992568776877,0.010922536902913291,0.01860550142294794,0.0454887228074637,6.128860083873428,1.7447404630076007,0.04327666151468315,6.978961852030403,0.13175414892364798,0.4168241155297579,2.5402593245437926,"[""MockingMultipleInterfacesTest"", ""MockSettings"", ""MockitoException"", ""Mockito""]","[0.11627906976744186, 0.025594149908592323, 0.007341576506955177, 0.005484460694698354]","[6.128860083873428, 0.6246191346739792, 0.04327666151468315, 0.182205971968312]"
org.mockitousage.basicapi.MockingMultipleInterfacesTest.should_scream_when_no_args_passed,0.11627906976744186,0.03867481421942193,0.005484460694698354,0.1546992568776877,0.010922536902913291,0.01860550142294794,0.0454887228074637,6.128860083873428,1.7447404630076007,0.04327666151468315,6.978961852030403,0.13175414892364798,0.4168241155297579,2.5402593245437926,"[""MockingMultipleInterfacesTest"", ""MockSettings"", ""MockitoException"", ""Mockito""]","[0.11627906976744186, 0.025594149908592323, 0.007341576506955177, 0.005484460694698354]","[6.128860083873428, 0.6246191346739792, 0.04327666151468315, 0.182205971968312]"
org.mockitousage.basicapi.MockingMultipleInterfacesTest.should_scream_when_non_interface_passed,0.11627906976744186,0.03867481421942193,0.005484460694698354,0.1546992568776877,0.010922536902913291,0.01860550142294794,0.0454887228074637,6.128860083873428,1.7447404630076007,0.04327666151468315,6.978961852030403,0.13175414892364798,0.4168241155297579,2.5402593245437926,"[""MockingMultipleInterfacesTest"", ""MockSettings"", ""MockitoException"", ""Mockito""]","[0.11627906976744186, 0.025594149908592323, 0.007341576506955177, 0.005484460694698354]","[6.128860083873428, 0.6246191346739792, 0.04327666151468315, 0.182205971968312]"
org.mockitousage.basicapi.MockingMultipleInterfacesTest.should_scream_when_null_passed_instead_of_an_interface,0.11627906976744186,0.03867481421942193,0.005484460694698354,0.1546992568776877,0.010922536902913291,0.01860550142294794,0.0454887228074637,6.128860083873428,1.7447404630076007,0.04327666151468315,6.978961852030403,0.13175414892364798,0.4168241155297579,2.5402593245437926,"[""MockingMultipleInterfacesTest"", ""MockSettings"", ""MockitoException"", ""Mockito""]","[0.11627906976744186, 0.025594149908592323, 0.007341576506955177, 0.005484460694698354]","[6.128860083873428, 0.6246191346739792, 0.04327666151468315, 0.182205971968312]"
org.mockitousage.performance.LoadsOfMocksTest.testSomething,0.11627906976744186,0.03865048803687052,0.0011325028312570782,0.15460195214748207,0.00399373984935884,0.014527028381266602,0.045424110999017255,6.128860083873428,1.7551711192402206,0.0005662514156285391,7.0206844769608825,0.002258891769492866,0.16088509401827608,2.532225343538867,"[""StringBuilder"", ""OngoingStubbing"", ""Mockito"", ""PrintStream"", ""LinkedList"", ""LoadsOfMocksTest"", ""List"", ""IMethods""]","[0.11627906976744186, 0.02134959969500572, 0.015840779853777416, 0.0011325028312570782]","[6.128860083873428, 0.5200152497140679, 0.37124289195775795, 0.0005662514156285391]"
org.mockitousage.basicapi.MocksSerializationForAnnotationTest.should_allow_throws_exception_to_be_serializable,0.11627906976744186,0.030866535156823378,0.0025412960609911056,0.15433267578411689,0.007441640366510329,0.013482803822561312,0.042921078843600205,6.128860083873428,1.5539735066263947,0.005082592121982211,7.769867533131974,0.023457323778452492,0.25506872269753117,2.3254807815691523,"[""ThrowsException"", ""Object"", ""RuntimeException"", ""OngoingStubbing"", ""Mockito"", ""ByteArrayOutputStream"", ""SimpleSerializationUtil"", ""ObjectInputStream"", ""MocksSerializationForAnnotationTest$Bar"", ""Class"", ""MocksSerializationForAnnotationTest"", ""ObjectOutputStream"", ""ByteArrayInputStream""]","[0.11627906976744186, 0.015840779853777416, 0.011083743842364532, 0.008587786259541985, 0.0025412960609911056]","[6.128860083873428, 0.37124289195775795, 1.185960591133005, 0.07872137404580153, 0.005082592121982211]"
org.mockitousage.verification.OnlyVerificationTest.shouldVerifyMethodWasInvokedExclusivelyWithMatchersUsage,0.11627906976744186,0.05139695129182703,0.00337609723160027,0.1541908538754811,0.008988614421732473,0.02384486479325746,0.047609501713568855,6.128860083873428,2.800404223918964,0.08777852802160702,8.401212671756893,0.24972477606793345,1.0553056363975284,2.504409668875444,"[""Matchers"", ""OnlyVerificationTest"", ""List"", ""Mockito""]","[0.11627906976744186, 0.03453568687643899, 0.00337609723160027]","[6.128860083873428, 2.1845740598618573, 0.08777852802160702]"
org.mockitousage.stubbing.DeprecatedStubbingTest.shouldStubbingNotBeTreatedAsInteraction,0.11627906976744186,0.03082539554028249,0.0029940119760479044,0.15412697770141245,0.006686686578594836,0.012287691650147337,0.043223965390076946,6.128860083873428,1.4150924325593333,0.016966067864271458,7.075462162796666,0.0692055979872666,0.28778255328041075,2.3628786266732313,"[""RuntimeException"", ""Mockito"", ""VoidMethodStubbable"", ""DeprecatedOngoingStubbing"", ""DeprecatedStubbingTest"", ""IMethods""]","[0.11627906976744186, 0.02134959969500572, 0.009563409563409564, 0.003940886699507389, 0.0029940119760479044]","[6.128860083873428, 0.5200152497140679, 0.2785862785862786, 0.1310344827586207, 0.016966067864271458]"
org.mockitousage.bugs.ShouldOnlyModeAllowCapturingArgumentsTest.shouldAllowCapturingArguments,0.11627906976744186,0.038377834291719794,0.001639344262295082,0.15351133716687917,0.005437385911992025,0.015516479667566488,0.04552679026055818,6.128860083873428,1.775925235109186,0.000819672131147541,7.103700940436744,0.003267202974121116,0.18557709475763118,2.521102045012427,"[""Mockito"", ""ShouldOnlyModeAllowCapturingArgumentsTest"", ""ArgumentCaptor"", ""IMethods""]","[0.11627906976744186, 0.02134959969500572, 0.014243323442136498, 0.001639344262295082]","[6.128860083873428, 0.5200152497140679, 0.4540059347181009, 0.000819672131147541]"
org.mockitousage.matchers.CapturingArgumentsTest.should_allow_capturing_for_stubbing,0.11627906976744186,0.03837015269644393,0.0071174377224199285,0.1534806107857757,0.014162473530473148,0.020787548709149513,0.04510046585949418,6.128860083873428,1.7827146534973453,0.1767497034400949,7.130858613989381,0.3732335818536225,0.6536789794459016,2.5112657623086676,"[""Object"", ""CapturingArgumentsTest"", ""OngoingStubbing"", ""Mockito"", ""Integer"", ""CapturingArgumentsTest$EmailService"", ""CapturingArgumentsTest$Person"", ""Boolean"", ""ArgumentCaptor""]","[0.11627906976744186, 0.015840779853777416, 0.014243323442136498, 0.0071174377224199285]","[6.128860083873428, 0.37124289195775795, 0.4540059347181009, 0.1767497034400949]"
org.mockitousage.stacktrace.ModellingDescriptiveMessagesTest.shouldSayTooManyInvocationsInOrder,0.11627906976744186,0.03834911743565894,0.0055579307396323215,0.15339646974263577,0.012000955021054333,0.019373413683320496,0.04535730445828014,6.128860083873428,1.7028954706632615,0.040188114578879865,6.811581882653046,0.11385891004126447,0.3539351654043894,2.561764806874006,"[""ModellingDescriptiveMessagesTest"", ""Mockito"", ""InOrder"", ""IMethods""]","[0.11627906976744186, 0.02134959969500572, 0.01020986954055587, 0.0055579307396323215]","[6.128860083873428, 0.5200152497140679, 0.12251843448667045, 0.040188114578879865]"
org.mockitousage.stacktrace.ModellingDescriptiveMessagesTest.shouldSayTooLittleInvocationsInAtLeastModeInOrder,0.11627906976744186,0.03834911743565894,0.0055579307396323215,0.15339646974263577,0.012000955021054333,0.019373413683320496,0.04535730445828014,6.128860083873428,1.7028954706632615,0.040188114578879865,6.811581882653046,0.11385891004126447,0.3539351654043894,2.561764806874006,"[""ModellingDescriptiveMessagesTest"", ""Mockito"", ""InOrder"", ""IMethods""]","[0.11627906976744186, 0.02134959969500572, 0.01020986954055587, 0.0055579307396323215]","[6.128860083873428, 0.5200152497140679, 0.12251843448667045, 0.040188114578879865]"
org.mockitousage.stacktrace.ModellingDescriptiveMessagesTest.shouldSayTooLittleInvocationsInOrder,0.11627906976744186,0.03834911743565894,0.0055579307396323215,0.15339646974263577,0.012000955021054333,0.019373413683320496,0.04535730445828014,6.128860083873428,1.7028954706632615,0.040188114578879865,6.811581882653046,0.11385891004126447,0.3539351654043894,2.561764806874006,"[""ModellingDescriptiveMessagesTest"", ""Mockito"", ""InOrder"", ""IMethods""]","[0.11627906976744186, 0.02134959969500572, 0.01020986954055587, 0.0055579307396323215]","[6.128860083873428, 0.5200152497140679, 0.12251843448667045, 0.040188114578879865]"
org.mockitousage.stacktrace.ModellingDescriptiveMessagesTest.shouldSayWantedButNotInvokedInOrder,0.11627906976744186,0.03834911743565894,0.0055579307396323215,0.15339646974263577,0.012000955021054333,0.019373413683320496,0.04535730445828014,6.128860083873428,1.7028954706632615,0.040188114578879865,6.811581882653046,0.11385891004126447,0.3539351654043894,2.561764806874006,"[""ModellingDescriptiveMessagesTest"", ""Mockito"", ""InOrder"", ""IMethods""]","[0.11627906976744186, 0.02134959969500572, 0.01020986954055587, 0.0055579307396323215]","[6.128860083873428, 0.5200152497140679, 0.12251843448667045, 0.040188114578879865]"
org.mockitousage.matchers.MatchersTest.sameMatcherAndNulls,0.11627906976744186,0.05111851953568608,0.015726889144610665,0.15335555860705824,0.025204862694241745,0.03392433711382226,0.04613261101334035,6.128860083873428,2.453473723905204,0.5200152497140679,7.360421171715612,0.859211386051498,1.3138109881953415,2.6000666225893663,"[""Mockito"", ""MatchersTest"", ""IMethods""]","[0.11627906976744186, 0.02134959969500572, 0.015726889144610665]","[6.128860083873428, 0.5200152497140679, 0.7115458381281166]"
org.mockitousage.matchers.MatchersTest.shouldUseSmartEqualsForPrimitiveArrays,0.11627906976744186,0.05111851953568608,0.015726889144610665,0.15335555860705824,0.025204862694241745,0.03392433711382226,0.04613261101334035,6.128860083873428,2.453473723905204,0.5200152497140679,7.360421171715612,0.859211386051498,1.3138109881953415,2.6000666225893663,"[""Mockito"", ""MatchersTest"", ""IMethods""]","[0.11627906976744186, 0.02134959969500572, 0.015726889144610665]","[6.128860083873428, 0.5200152497140679, 0.7115458381281166]"
org.mockitousage.matchers.MatchersTest.eqMatcherAndNulls,0.11627906976744186,0.05111851953568608,0.015726889144610665,0.15335555860705824,0.025204862694241745,0.03392433711382226,0.04613261101334035,6.128860083873428,2.453473723905204,0.5200152497140679,7.360421171715612,0.859211386051498,1.3138109881953415,2.6000666225893663,"[""Mockito"", ""MatchersTest"", ""IMethods""]","[0.11627906976744186, 0.02134959969500572, 0.015726889144610665]","[6.128860083873428, 0.5200152497140679, 0.7115458381281166]"
org.mockitousage.matchers.MatchersTest.shouldUseSmartEqualsForArrays,0.11627906976744186,0.05111851953568608,0.015726889144610665,0.15335555860705824,0.025204862694241745,0.03392433711382226,0.04613261101334035,6.128860083873428,2.453473723905204,0.5200152497140679,7.360421171715612,0.859211386051498,1.3138109881953415,2.6000666225893663,"[""Mockito"", ""MatchersTest"", ""IMethods""]","[0.11627906976744186, 0.02134959969500572, 0.015726889144610665]","[6.128860083873428, 0.5200152497140679, 0.7115458381281166]"
org.mockitousage.verification.VerificationInOrderMixedWithOrdiraryVerificationTest.shouldUseEqualsToVerifyMethodVarargs,0.11627906976744186,0.03833076311094882,0.0055579307396323215,0.1533230524437953,0.011975466742993818,0.01933849170674077,0.045368701018992784,6.128860083873428,1.7037473435230754,0.040188114578879865,6.814989374092302,0.11457923945265067,0.35637082531758646,2.5612396495036416,"[""String"", ""Mockito"", ""VerificationInOrderMixedWithOrdiraryVerificationTest"", ""InOrder"", ""IMethods""]","[0.11627906976744186, 0.02134959969500572, 0.0101364522417154, 0.0055579307396323215]","[6.128860083873428, 0.5200152497140679, 0.1259259259259259, 0.040188114578879865]"
org.mockitousage.verification.VerificationInOrderMixedWithOrdiraryVerificationTest.shouldFailOnLastInvocationTooEarly,0.11627906976744186,0.03833076311094882,0.0055579307396323215,0.1533230524437953,0.011975466742993818,0.01933849170674077,0.045368701018992784,6.128860083873428,1.7037473435230754,0.040188114578879865,6.814989374092302,0.11457923945265067,0.35637082531758646,2.5612396495036416,"[""VerificationInOrderMixedWithOrdiraryVerificationTest"", ""Mockito"", ""InOrder"", ""IMethods""]","[0.11627906976744186, 0.02134959969500572, 0.0101364522417154, 0.0055579307396323215]","[6.128860083873428, 0.5200152497140679, 0.1259259259259259, 0.040188114578879865]"
org.mockitousage.verification.VerificationInOrderMixedWithOrdiraryVerificationTest.shouldFailOnNoMoreInteractionsOnMockVerifiedInOrder,0.11627906976744186,0.03833076311094882,0.0055579307396323215,0.1533230524437953,0.011975466742993818,0.01933849170674077,0.045368701018992784,6.128860083873428,1.7037473435230754,0.040188114578879865,6.814989374092302,0.11457923945265067,0.35637082531758646,2.5612396495036416,"[""VerificationInOrderMixedWithOrdiraryVerificationTest"", ""IMethods"", ""InOrder"", ""Mockito""]","[0.11627906976744186, 0.02134959969500572, 0.0101364522417154, 0.0055579307396323215]","[6.128860083873428, 0.5200152497140679, 0.1259259259259259, 0.040188114578879865]"
org.mockitousage.verification.VerificationInOrderMixedWithOrdiraryVerificationTest.shouldScreamWhenUnfamiliarMockPassedToInOrderObject,0.11627906976744186,0.03833076311094882,0.0055579307396323215,0.1533230524437953,0.011975466742993818,0.01933849170674077,0.045368701018992784,6.128860083873428,1.7037473435230754,0.040188114578879865,6.814989374092302,0.11457923945265067,0.35637082531758646,2.5612396495036416,"[""VerificationInOrderMixedWithOrdiraryVerificationTest"", ""IMethods"", ""InOrder"", ""Mockito""]","[0.11627906976744186, 0.02134959969500572, 0.0101364522417154, 0.0055579307396323215]","[6.128860083873428, 0.5200152497140679, 0.1259259259259259, 0.040188114578879865]"
org.mockitousage.verification.VerificationInOrderMixedWithOrdiraryVerificationTest.shouldAllowRedundantVerifications,0.11627906976744186,0.03833076311094882,0.0055579307396323215,0.1533230524437953,0.011975466742993818,0.01933849170674077,0.045368701018992784,6.128860083873428,1.7037473435230754,0.040188114578879865,6.814989374092302,0.11457923945265067,0.35637082531758646,2.5612396495036416,"[""VerificationInOrderMixedWithOrdiraryVerificationTest"", ""IMethods"", ""InOrder"", ""Mockito""]","[0.11627906976744186, 0.02134959969500572, 0.0101364522417154, 0.0055579307396323215]","[6.128860083873428, 0.5200152497140679, 0.1259259259259259, 0.040188114578879865]"
org.mockitousage.verification.VerificationInOrderMixedWithOrdiraryVerificationTest.shouldUseEqualsToVerifyMethodArguments,0.11627906976744186,0.03833076311094882,0.0055579307396323215,0.1533230524437953,0.011975466742993818,0.01933849170674077,0.045368701018992784,6.128860083873428,1.7037473435230754,0.040188114578879865,6.814989374092302,0.11457923945265067,0.35637082531758646,2.5612396495036416,"[""String"", ""Mockito"", ""VerificationInOrderMixedWithOrdiraryVerificationTest"", ""InOrder"", ""IMethods""]","[0.11627906976744186, 0.02134959969500572, 0.0101364522417154, 0.0055579307396323215]","[6.128860083873428, 0.5200152497140679, 0.1259259259259259, 0.040188114578879865]"
org.mockitousage.verification.VerificationInOrderMixedWithOrdiraryVerificationTest.shouldAllowOneMethodVerifiedInOrder,0.11627906976744186,0.03833076311094882,0.0055579307396323215,0.1533230524437953,0.011975466742993818,0.01933849170674077,0.045368701018992784,6.128860083873428,1.7037473435230754,0.040188114578879865,6.814989374092302,0.11457923945265067,0.35637082531758646,2.5612396495036416,"[""VerificationInOrderMixedWithOrdiraryVerificationTest"", ""IMethods"", ""InOrder"", ""Mockito""]","[0.11627906976744186, 0.02134959969500572, 0.0101364522417154, 0.0055579307396323215]","[6.128860083873428, 0.5200152497140679, 0.1259259259259259, 0.040188114578879865]"
org.mockitousage.verification.VerificationInOrderMixedWithOrdiraryVerificationTest.shouldFailOnNoMoreInteractions,0.11627906976744186,0.03833076311094882,0.0055579307396323215,0.1533230524437953,0.011975466742993818,0.01933849170674077,0.045368701018992784,6.128860083873428,1.7037473435230754,0.040188114578879865,6.814989374092302,0.11457923945265067,0.35637082531758646,2.5612396495036416,"[""VerificationInOrderMixedWithOrdiraryVerificationTest"", ""IMethods"", ""InOrder"", ""Mockito""]","[0.11627906976744186, 0.02134959969500572, 0.0101364522417154, 0.0055579307396323215]","[6.128860083873428, 0.5200152497140679, 0.1259259259259259, 0.040188114578879865]"
org.mockitousage.verification.VerificationInOrderMixedWithOrdiraryVerificationTest.shouldMixVerificationInOrderAndOrdinaryVerification,0.11627906976744186,0.03833076311094882,0.0055579307396323215,0.1533230524437953,0.011975466742993818,0.01933849170674077,0.045368701018992784,6.128860083873428,1.7037473435230754,0.040188114578879865,6.814989374092302,0.11457923945265067,0.35637082531758646,2.5612396495036416,"[""VerificationInOrderMixedWithOrdiraryVerificationTest"", ""IMethods"", ""InOrder"", ""Mockito""]","[0.11627906976744186, 0.02134959969500572, 0.0101364522417154, 0.0055579307396323215]","[6.128860083873428, 0.5200152497140679, 0.1259259259259259, 0.040188114578879865]"
org.mockitousage.verification.VerificationInOrderMixedWithOrdiraryVerificationTest.shouldAllowOrdinarilyVerifyingMockPassedToInOrderObject,0.11627906976744186,0.03833076311094882,0.0055579307396323215,0.1533230524437953,0.011975466742993818,0.01933849170674077,0.045368701018992784,6.128860083873428,1.7037473435230754,0.040188114578879865,6.814989374092302,0.11457923945265067,0.35637082531758646,2.5612396495036416,"[""VerificationInOrderMixedWithOrdiraryVerificationTest"", ""IMethods"", ""InOrder"", ""Mockito""]","[0.11627906976744186, 0.02134959969500572, 0.0101364522417154, 0.0055579307396323215]","[6.128860083873428, 0.5200152497140679, 0.1259259259259259, 0.040188114578879865]"
org.mockitousage.constructor.CreatingMocksWithConstructorTest.exception_message_when_constructor_not_found,0.11627906976744186,0.05097886906214972,0.007341576506955177,0.15293660718644916,0.01676711684032998,0.02925039064560184,0.047037612975216046,6.128860083873428,2.215902259320467,0.04327666151468315,6.647706777961401,0.11823571009078668,0.5015135206620609,2.7725017093127264,"[""CreatingMocksWithConstructorTest"", ""MockitoException"", ""Throwable"", ""Mockito""]","[0.11627906976744186, 0.029315960912052116, 0.007341576506955177]","[6.128860083873428, 0.4755700325732899, 0.04327666151468315]"
org.mockito.internal.InvalidStateDetectionTest.shouldDetectUnfinishedVerification,0.11627906976744186,0.030565377331477784,0.0028776978417266188,0.15282688665738892,0.007362539140036798,0.012958322028406641,0.04309558813575713,6.128860083873428,1.3401809252958772,0.012470023980815348,6.700904626479386,0.04159945875446262,0.16054888838311376,2.3993572576987963,"[""InvalidStateDetectionTest$OnStub"", ""Object"", ""InvalidStateDetectionTest$OnDoAnswer"", ""InOrder"", ""InvalidStateDetectionTest"", ""Mockito"", ""InvalidStateDetectionTest$OnVerifyZeroInteractions"", ""InvalidStateDetectionTest$DetectsInvalidState"", ""InvalidStateDetectionTest$OnVerify"", ""ThreadSafeMockingProgress"", ""InvalidStateDetectionTest$OnVerifyNoMoreInteractions"", ""InvalidStateDetectionTest$OnStubVoid"", ""InvalidStateDetectionTest$OnVerifyInOrder"", ""StateMaster""]","[0.11627906976744186, 0.015109343936381709, 0.01300284437220642, 0.0055579307396323215, 0.0028776978417266188]","[6.128860083873428, 0.4405566600397614, 0.07882974400650142, 0.040188114578879865, 0.012470023980815348]"
org.mockito.internal.InvalidStateDetectionTest.shouldDetectMisplacedArgumentMatcher,0.11627906976744186,0.030565377331477784,0.0028776978417266188,0.15282688665738892,0.007362539140036798,0.012958322028406641,0.04309558813575713,6.128860083873428,1.3401809252958772,0.012470023980815348,6.700904626479386,0.04159945875446262,0.16054888838311376,2.3993572576987963,"[""Object"", ""InvalidStateDetectionTest$OnDoAnswer"", ""InOrder"", ""InvalidStateDetectionTest"", ""Mockito"", ""InvalidStateDetectionTest$OnVerifyZeroInteractions"", ""InvalidStateDetectionTest$DetectsInvalidState"", ""InvalidStateDetectionTest$OnVerify"", ""ThreadSafeMockingProgress"", ""InvalidStateDetectionTest$OnVerifyNoMoreInteractions"", ""InvalidStateDetectionTest$OnStubVoid"", ""InvalidStateDetectionTest$OnVerifyInOrder"", ""StateMaster""]","[0.11627906976744186, 0.015109343936381709, 0.01300284437220642, 0.0055579307396323215, 0.0028776978417266188]","[6.128860083873428, 0.4405566600397614, 0.07882974400650142, 0.040188114578879865, 0.012470023980815348]"
org.mockitousage.bugs.AIOOBExceptionWithAtLeastTest.testCompleteProgress,0.11627906976744186,0.050939142290283373,0.0020026702269692926,0.15281742687085012,0.005587748344370861,0.020035169888564946,0.04807340834681141,6.128860083873428,2.772257309148967,0.0033377837116154874,8.3167719274469,0.009992641498205015,0.3548691313496373,2.5350259122363235,"[""Matchers"", ""AIOOBExceptionWithAtLeastTest"", ""AIOOBExceptionWithAtLeastTest$IProgressMonitor"", ""Mockito""]","[0.11627906976744186, 0.03453568687643899, 0.0020026702269692926]","[6.128860083873428, 2.1845740598618573, 0.0033377837116154874]"
org.mockito.internal.InvalidStateDetectionTest.shouldCorrectStateAfterDetectingUnfinishedVerification,0.11627906976744186,0.0509126711329431,0.015109343936381709,0.1527380133988293,0.024666286472025557,0.033474361158216843,0.04629117807110703,6.128860083873428,2.3631439978757522,0.4405566600397614,7.089431993627257,0.688699131084599,1.1197795172589422,2.6629609644309467,"[""InvalidStateDetectionTest"", ""Mockito"", ""IMethods""]","[0.11627906976744186, 0.02134959969500572, 0.015109343936381709]","[6.128860083873428, 0.5200152497140679, 0.4405566600397614]"
org.mockitousage.stubbing.BasicStubbingTest.unfinished_stubbing_cleans_up_the_state,0.11627906976744186,0.05090232120427731,0.015840779853777416,0.15270696361283193,0.024937183400787665,0.03359628000119941,0.0462689338646384,6.128860083873428,2.2690011571489643,0.3069004956157072,6.807003471446893,0.4905807002450847,0.8871801466975962,2.7294588214091884,"[""BasicStubbingTest"", ""OngoingStubbing"", ""Mockito""]","[0.11627906976744186, 0.020587113991612657, 0.015840779853777416]","[6.128860083873428, 0.3069004956157072, 0.37124289195775795]"
org.mockitousage.annotation.MockInjectionUsingConstructorTest.innerMockShouldRaiseAnExceptionThatChangesOuterMockBehavior,0.11627906976744186,0.0253886869033785,0.004222648752399232,0.152332121420271,0.006799306733357081,0.010225299124370547,0.040843321240969774,6.128860083873428,1.11465226022922,0.01689059500959693,6.68791356137532,0.04934746886063964,0.13433872758807075,2.2456380087555154,"[""ArticleManager"", ""ArticleDatabase"", ""OngoingStubbing"", ""Mockito"", ""ArticleCalculator"", ""MockInjectionUsingConstructorTest"", ""Integer"", ""IllegalArgumentException""]","[0.11627906976744186, 0.015840779853777416, 0.006392694063926941, 0.0049904030710172746, 0.004606525911708253, 0.004222648752399232]","[6.128860083873428, 0.37124289195775795, 0.08493150684931507, 0.04990403071017274, 0.01689059500959693, 0.03608445297504798]"
org.mockitousage.examples.use.ExampleTest.managerCountsArticlesAndSavesThemInTheDatabase,0.11627906976744186,0.0253809592586956,0.004222648752399232,0.1522857555521736,0.006790512299832661,0.010212901012220056,0.040846918820660626,6.128860083873428,1.1064655796527927,0.01689059500959693,6.638793477916757,0.043561393581895244,0.1163304360845245,2.2494633059562044,"[""ArticleManager"", ""ExampleTest"", ""OngoingStubbing"", ""Mockito"", ""ArticleCalculator"", ""ArticleDatabase"", ""Integer""]","[0.11627906976744186, 0.015840779853777416, 0.006346328195829556, 0.0049904030710172746, 0.004606525911708253, 0.004222648752399232]","[6.128860083873428, 0.37124289195775795, 0.035811423390752495, 0.04990403071017274, 0.01689059500959693, 0.03608445297504798]"
org.mockitousage.stacktrace.PointingStackTraceToActualInvocationInOrderTest.shouldPointToFirstMethodBecauseOfTooManyActualInvocations,0.11627906976744186,0.030441443751756187,0.001718213058419244,0.15220721875878093,0.005239423092440612,0.011160135697730193,0.043428994832816314,6.128860083873428,1.3574575922678684,0.0028636884306987398,6.787287961339342,0.012931402975929363,0.12845701808601498,2.392931389980254,"[""VerificationInOrderFailure"", ""PointingStackTraceToActualInvocationInOrderTest"", ""Mockito"", ""InOrder"", ""IMethods""]","[0.11627906976744186, 0.02134959969500572, 0.007302405498281787, 0.0055579307396323215, 0.001718213058419244]","[6.128860083873428, 0.5200152497140679, 0.09536082474226804, 0.040188114578879865, 0.0028636884306987398]"
org.mockitousage.stacktrace.PointingStackTraceToActualInvocationInOrderTest.shouldPointToSecondMethodBecauseOfTooManyActualInvocations,0.11627906976744186,0.030441443751756187,0.001718213058419244,0.15220721875878093,0.005239423092440612,0.011160135697730193,0.043428994832816314,6.128860083873428,1.3574575922678684,0.0028636884306987398,6.787287961339342,0.012931402975929363,0.12845701808601498,2.392931389980254,"[""VerificationInOrderFailure"", ""PointingStackTraceToActualInvocationInOrderTest"", ""Mockito"", ""InOrder"", ""IMethods""]","[0.11627906976744186, 0.02134959969500572, 0.007302405498281787, 0.0055579307396323215, 0.001718213058419244]","[6.128860083873428, 0.5200152497140679, 0.09536082474226804, 0.040188114578879865, 0.0028636884306987398]"
org.mockitousage.stacktrace.PointingStackTraceToActualInvocationInOrderTest.shouldPointStackTraceToPreviousVerified,0.11627906976744186,0.030441443751756187,0.001718213058419244,0.15220721875878093,0.005239423092440612,0.011160135697730193,0.043428994832816314,6.128860083873428,1.3574575922678684,0.0028636884306987398,6.787287961339342,0.012931402975929363,0.12845701808601498,2.392931389980254,"[""VerificationInOrderFailure"", ""PointingStackTraceToActualInvocationInOrderTest"", ""Mockito"", ""InOrder"", ""IMethods""]","[0.11627906976744186, 0.02134959969500572, 0.007302405498281787, 0.0055579307396323215, 0.001718213058419244]","[6.128860083873428, 0.5200152497140679, 0.09536082474226804, 0.040188114578879865, 0.0028636884306987398]"
org.mockitousage.stacktrace.PointingStackTraceToActualInvocationInOrderTest.shouldPointToFourthMethodBecauseOfTooLittleActualInvocations,0.11627906976744186,0.030441443751756187,0.001718213058419244,0.15220721875878093,0.005239423092440612,0.011160135697730193,0.043428994832816314,6.128860083873428,1.3574575922678684,0.0028636884306987398,6.787287961339342,0.012931402975929363,0.12845701808601498,2.392931389980254,"[""VerificationInOrderFailure"", ""PointingStackTraceToActualInvocationInOrderTest"", ""Mockito"", ""InOrder"", ""IMethods""]","[0.11627906976744186, 0.02134959969500572, 0.007302405498281787, 0.0055579307396323215, 0.001718213058419244]","[6.128860083873428, 0.5200152497140679, 0.09536082474226804, 0.040188114578879865, 0.0028636884306987398]"
org.mockitousage.stacktrace.PointingStackTraceToActualInvocationInOrderTest.shouldPointToThirdMethod,0.11627906976744186,0.030441443751756187,0.001718213058419244,0.15220721875878093,0.005239423092440612,0.011160135697730193,0.043428994832816314,6.128860083873428,1.3574575922678684,0.0028636884306987398,6.787287961339342,0.012931402975929363,0.12845701808601498,2.392931389980254,"[""VerificationInOrderFailure"", ""PointingStackTraceToActualInvocationInOrderTest"", ""Mockito"", ""InOrder"", ""IMethods""]","[0.11627906976744186, 0.02134959969500572, 0.007302405498281787, 0.0055579307396323215, 0.001718213058419244]","[6.128860083873428, 0.5200152497140679, 0.09536082474226804, 0.040188114578879865, 0.0028636884306987398]"
org.mockitousage.stacktrace.PointingStackTraceToActualInvocationInOrderTest.shouldPointToSecondMethod,0.11627906976744186,0.030441443751756187,0.001718213058419244,0.15220721875878093,0.005239423092440612,0.011160135697730193,0.043428994832816314,6.128860083873428,1.3574575922678684,0.0028636884306987398,6.787287961339342,0.012931402975929363,0.12845701808601498,2.392931389980254,"[""VerificationInOrderFailure"", ""PointingStackTraceToActualInvocationInOrderTest"", ""Mockito"", ""InOrder"", ""IMethods""]","[0.11627906976744186, 0.02134959969500572, 0.007302405498281787, 0.0055579307396323215, 0.001718213058419244]","[6.128860083873428, 0.5200152497140679, 0.09536082474226804, 0.040188114578879865, 0.0028636884306987398]"
org.mockitousage.annotation.SpyAnnotationTest.should_init_spy_by_instance,0.11627906976744186,0.050733552535427585,0.01529051987767584,0.15220065760628276,0.024495677233429398,0.033226288884465646,0.04639893307226812,6.128860083873428,2.419053140593024,0.3446601941747573,7.257159421779072,0.69113778372497,1.1829389148170901,2.6293441890640046,"[""Stubber"", ""SpyAnnotationTest"", ""List"", ""Mockito""]","[0.11627906976744186, 0.02063106796116505, 0.01529051987767584]","[6.128860083873428, 0.3446601941747573, 0.7836391437308868]"
org.mockitousage.stacktrace.ModellingDescriptiveMessagesTest.shouldScreamWhenExtraInterfacesEmpty,0.11627906976744186,0.05069436307219668,0.01020986954055587,0.15208308921659003,0.02060214959994768,0.03120475786283471,0.04679874880689719,6.128860083873428,2.291999217678026,0.12251843448667045,6.875997653034077,0.3022312181897443,0.7769602671303592,2.720802854329146,"[""ModellingDescriptiveMessagesTest"", ""MockSettings"", ""Mockito""]","[0.11627906976744186, 0.025594149908592323, 0.01020986954055587]","[6.128860083873428, 0.6246191346739792, 0.12251843448667045]"
org.mockitousage.stacktrace.ModellingDescriptiveMessagesTest.shouldScreamWhenExtraInterfacesIsANullArray,0.11627906976744186,0.05069436307219668,0.01020986954055587,0.15208308921659003,0.02060214959994768,0.03120475786283471,0.04679874880689719,6.128860083873428,2.291999217678026,0.12251843448667045,6.875997653034077,0.3022312181897443,0.7769602671303592,2.720802854329146,"[""ModellingDescriptiveMessagesTest"", ""MockSettings"", ""Mockito""]","[0.11627906976744186, 0.025594149908592323, 0.01020986954055587]","[6.128860083873428, 0.6246191346739792, 0.12251843448667045]"
org.mockitousage.stacktrace.ModellingDescriptiveMessagesTest.shouldScreamWhenNonInterfacePassed,0.11627906976744186,0.05069436307219668,0.01020986954055587,0.15208308921659003,0.02060214959994768,0.03120475786283471,0.04679874880689719,6.128860083873428,2.291999217678026,0.12251843448667045,6.875997653034077,0.3022312181897443,0.7769602671303592,2.720802854329146,"[""ModellingDescriptiveMessagesTest"", ""MockSettings"", ""Mockito""]","[0.11627906976744186, 0.025594149908592323, 0.01020986954055587]","[6.128860083873428, 0.6246191346739792, 0.12251843448667045]"
org.mockitousage.stacktrace.ModellingDescriptiveMessagesTest.shouldScreamWhenNullPassedInsteadOfAnInterface,0.11627906976744186,0.05069436307219668,0.01020986954055587,0.15208308921659003,0.02060214959994768,0.03120475786283471,0.04679874880689719,6.128860083873428,2.291999217678026,0.12251843448667045,6.875997653034077,0.3022312181897443,0.7769602671303592,2.720802854329146,"[""ModellingDescriptiveMessagesTest"", ""MockSettings"", ""Mockito""]","[0.11627906976744186, 0.025594149908592323, 0.01020986954055587]","[6.128860083873428, 0.6246191346739792, 0.12251843448667045]"
org.mockitousage.stacktrace.ModellingDescriptiveMessagesTest.shouldScreamWhenExtraIsTheSame,0.11627906976744186,0.05069436307219668,0.01020986954055587,0.15208308921659003,0.02060214959994768,0.03120475786283471,0.04679874880689719,6.128860083873428,2.291999217678026,0.12251843448667045,6.875997653034077,0.3022312181897443,0.7769602671303592,2.720802854329146,"[""ModellingDescriptiveMessagesTest"", ""MockSettings"", ""Mockito""]","[0.11627906976744186, 0.025594149908592323, 0.01020986954055587]","[6.128860083873428, 0.6246191346739792, 0.12251843448667045]"
org.mockitousage.basicapi.MocksSerializationForAnnotationTest.should_verify_even_if_some_methods_called_after_serialization,0.11627906976744186,0.0378134273414508,0.0025412960609911056,0.1512537093658032,0.007418927243728689,0.016261412146284966,0.04578895578390777,6.128860083873428,1.9599796292106209,0.005082592121982211,7.839918516842483,0.02003211334622813,0.3722955334498318,2.443040603244909,"[""ByteArrayOutputStream"", ""Mockito"", ""SimpleSerializationUtil"", ""ObjectInputStream"", ""Class"", ""MocksSerializationForAnnotationTest"", ""ObjectOutputStream"", ""ByteArrayInputStream"", ""IMethods""]","[0.11627906976744186, 0.02134959969500572, 0.011083743842364532, 0.0025412960609911056]","[6.128860083873428, 0.5200152497140679, 1.185960591133005, 0.005082592121982211]"
org.mockitousage.stacktrace.ClickableStackTracesWhenFrameworkMisusedTest.shouldPointOutMisplacedMatcher,0.11627906976744186,0.03769868671382381,0.006264236902050114,0.15079474685529523,0.011112205717714898,0.01810010499796639,0.045767727766014,6.128860083873428,1.6812855826317494,0.03412576687116564,6.725142330526998,0.0725698837935585,0.260193446395756,2.5753348033511525,"[""ClickableStackTracesWhenFrameworkMisusedTest"", ""Mockito"", ""InvalidUseOfMatchersException"", ""IMethods""]","[0.11627906976744186, 0.02134959969500572, 0.006901840490797546, 0.006264236902050114]","[6.128860083873428, 0.5200152497140679, 0.03412576687116564, 0.04214123006833713]"
org.mockitousage.stubbing.StubbingWithThrowablesTest.shouldInstantiateExceptionClassWithOngoingStubbingOnInteraction,0.11627906976744186,0.05021162679656067,0.013724742661075104,0.150634880389682,0.023089053826671126,0.03205106681613754,0.046801742117294765,6.128860083873428,2.2459071914246267,0.26420129622569577,6.7377215742738805,0.43798410019909517,0.8233198629861141,2.745858794900322,"[""StubbingWithThrowablesTest"", ""Stubber"", ""LinkedList"", ""Mockito""]","[0.11627906976744186, 0.02063106796116505, 0.013724742661075104]","[6.128860083873428, 0.3446601941747573, 0.26420129622569577]"
org.mockitousage.verification.BasicVerificationTest.shouldDetectWhenOverloadedMethodCalled,0.11627906976744186,0.050196975473376544,0.012962256957682043,0.15059092642012964,0.022626764546965585,0.031807092402225894,0.04685238712712967,6.128860083873428,2.27767187698564,0.18414029736942433,6.83301563095692,0.39910468430920065,0.8372366068834218,2.7266512977835173,"[""IMethods"", ""BasicVerificationTest"", ""Mockito""]","[0.11627906976744186, 0.02134959969500572, 0.012962256957682043]","[6.128860083873428, 0.5200152497140679, 0.18414029736942433]"
org.mockitousage.matchers.HamcrestMatchersTest.shouldVerifyUsingHamcrestMatcher,0.11627906976744186,0.037613743451837295,0.005654632448890822,0.15045497380734918,0.010760702594060992,0.017812669896112326,0.04582810391340708,6.128860083873428,1.672069305285632,0.016093953892996955,6.688277221142528,0.037339499326061926,0.18594760036387545,2.581224564816193,"[""String"", ""Mockito"", ""HamcrestMatchersTest$ContainsX"", ""ArgumentsAreDifferent"", ""BaseMatcher"", ""HamcrestMatchersTest"", ""Description"", ""IMethods""]","[0.11627906976744186, 0.02134959969500572, 0.007171671896010758, 0.005654632448890822]","[6.128860083873428, 0.5200152497140679, 0.02330793366203496, 0.016093953892996955]"
org.mockitousage.stacktrace.PointingStackTraceToActualInvocationTest.shouldNotPointStackTracesToRunnersCode,0.11627906976744186,0.03756298355109795,0.0017582417582417582,0.1502519342043918,0.005584815745191247,0.014757069791404565,0.045972428363626784,6.128860083873428,1.7086528924427173,0.003956043956043956,6.834611569770869,0.015363041525751193,0.218801786351071,2.5587312602533467,"[""PointingStackTraceToActualInvocationTest"", ""IMethods"", ""NeverWantedButInvoked"", ""Mockito""]","[0.11627906976744186, 0.02134959969500572, 0.010865022983702465, 0.0017582417582417582]","[6.128860083873428, 0.5200152497140679, 0.18178019222732972, 0.003956043956043956]"
org.mockitousage.stacktrace.PointingStackTraceToActualInvocationTest.shouldPointToTooManyInvocationsChunkOnError,0.11627906976744186,0.03756298355109795,0.0017582417582417582,0.1502519342043918,0.005584815745191247,0.014757069791404565,0.045972428363626784,6.128860083873428,1.7086528924427173,0.003956043956043956,6.834611569770869,0.015363041525751193,0.218801786351071,2.5587312602533467,"[""PointingStackTraceToActualInvocationTest"", ""IMethods"", ""NeverWantedButInvoked"", ""Mockito""]","[0.11627906976744186, 0.02134959969500572, 0.010865022983702465, 0.0017582417582417582]","[6.128860083873428, 0.5200152497140679, 0.18178019222732972, 0.003956043956043956]"
org.mockitousage.annotation.CaptorAnnotationTest.testNormalUsage,0.11627906976744186,0.037315535594308835,0.004576659038901602,0.14926214237723534,0.010872094340127706,0.018101095750669618,0.04575870537900962,6.128860083873428,1.7119322983774008,0.12832618025751072,6.847729193509603,0.22880099645456048,0.4698959597165823,2.553493122126813,"[""CaptorAnnotationTest"", ""ArrayList"", ""Mockito"", ""ArgumentCaptor"", ""MockitoAnnotations"", ""CaptorAnnotationTest$MockInterface""]","[0.11627906976744186, 0.014243323442136498, 0.014163090128755365, 0.004576659038901602]","[6.128860083873428, 0.4540059347181009, 0.12832618025751072, 0.13653699466056446]"
org.mockitousage.verification.BasicVerificationInOrderTest.shouldFailOnLastMethodBecauseDifferentMethodWanted,0.11627906976744186,0.037293016018882526,0.0055579307396323215,0.1491720640755301,0.009939523189603913,0.01695218008875627,0.046044184404403915,6.128860083873428,1.7013381151412093,0.040188114578879865,6.805352460564837,0.11245929046840923,0.34934781006893023,2.562726793791197,"[""Mockito"", ""BasicVerificationInOrderTest"", ""InOrder"", ""IMethods""]","[0.11627906976744186, 0.02134959969500572, 0.005985463873450192, 0.0055579307396323215]","[6.128860083873428, 0.5200152497140679, 0.11628901239846089, 0.040188114578879865]"
org.mockitousage.verification.BasicVerificationInOrderTest.shouldFailOnSecondMethodBecauseDifferentMethodWanted,0.11627906976744186,0.037293016018882526,0.0055579307396323215,0.1491720640755301,0.009939523189603913,0.01695218008875627,0.046044184404403915,6.128860083873428,1.7013381151412093,0.040188114578879865,6.805352460564837,0.11245929046840923,0.34934781006893023,2.562726793791197,"[""IMethods"", ""BasicVerificationInOrderTest"", ""InOrder"", ""Mockito""]","[0.11627906976744186, 0.02134959969500572, 0.005985463873450192, 0.0055579307396323215]","[6.128860083873428, 0.5200152497140679, 0.11628901239846089, 0.040188114578879865]"
org.mockitousage.verification.BasicVerificationInOrderTest.shouldFailOnLastMethodBecauseDifferentArgsWanted,0.11627906976744186,0.037293016018882526,0.0055579307396323215,0.1491720640755301,0.009939523189603913,0.01695218008875627,0.046044184404403915,6.128860083873428,1.7013381151412093,0.040188114578879865,6.805352460564837,0.11245929046840923,0.34934781006893023,2.562726793791197,"[""Mockito"", ""BasicVerificationInOrderTest"", ""InOrder"", ""IMethods""]","[0.11627906976744186, 0.02134959969500572, 0.005985463873450192, 0.0055579307396323215]","[6.128860083873428, 0.5200152497140679, 0.11628901239846089, 0.040188114578879865]"
org.mockitousage.verification.BasicVerificationInOrderTest.shouldFailOnSecondMethodBecauseFourInvocationsWanted,0.11627906976744186,0.037293016018882526,0.0055579307396323215,0.1491720640755301,0.009939523189603913,0.01695218008875627,0.046044184404403915,6.128860083873428,1.7013381151412093,0.040188114578879865,6.805352460564837,0.11245929046840923,0.34934781006893023,2.562726793791197,"[""IMethods"", ""BasicVerificationInOrderTest"", ""InOrder"", ""Mockito""]","[0.11627906976744186, 0.02134959969500572, 0.005985463873450192, 0.0055579307396323215]","[6.128860083873428, 0.5200152497140679, 0.11628901239846089, 0.040188114578879865]"
org.mockitousage.verification.BasicVerificationInOrderTest.shouldFailWhenMiddleMethodVerifiedFirstInAtLeastOnceMode,0.11627906976744186,0.037293016018882526,0.0055579307396323215,0.1491720640755301,0.009939523189603913,0.01695218008875627,0.046044184404403915,6.128860083873428,1.7013381151412093,0.040188114578879865,6.805352460564837,0.11245929046840923,0.34934781006893023,2.562726793791197,"[""IMethods"", ""BasicVerificationInOrderTest"", ""InOrder"", ""Mockito""]","[0.11627906976744186, 0.02134959969500572, 0.005985463873450192, 0.0055579307396323215]","[6.128860083873428, 0.5200152497140679, 0.11628901239846089, 0.040188114578879865]"
org.mockitousage.verification.BasicVerificationInOrderTest.shouldFailOnSecondMethodBecauseDifferentArgsWanted,0.11627906976744186,0.037293016018882526,0.0055579307396323215,0.1491720640755301,0.009939523189603913,0.01695218008875627,0.046044184404403915,6.128860083873428,1.7013381151412093,0.040188114578879865,6.805352460564837,0.11245929046840923,0.34934781006893023,2.562726793791197,"[""Mockito"", ""BasicVerificationInOrderTest"", ""InOrder"", ""IMethods""]","[0.11627906976744186, 0.02134959969500572, 0.005985463873450192, 0.0055579307396323215]","[6.128860083873428, 0.5200152497140679, 0.11628901239846089, 0.040188114578879865]"
org.mockitousage.verification.BasicVerificationInOrderTest.shouldVerifyInOrderWhenExpectingSomeInvocationsToBeCalledZeroTimes,0.11627906976744186,0.037293016018882526,0.0055579307396323215,0.1491720640755301,0.009939523189603913,0.01695218008875627,0.046044184404403915,6.128860083873428,1.7013381151412093,0.040188114578879865,6.805352460564837,0.11245929046840923,0.34934781006893023,2.562726793791197,"[""IMethods"", ""BasicVerificationInOrderTest"", ""InOrder"", ""Mockito""]","[0.11627906976744186, 0.02134959969500572, 0.005985463873450192, 0.0055579307396323215]","[6.128860083873428, 0.5200152497140679, 0.11628901239846089, 0.040188114578879865]"
org.mockitousage.verification.BasicVerificationInOrderTest.shouldFailOnVerifyNoMoreInteractions,0.11627906976744186,0.037293016018882526,0.0055579307396323215,0.1491720640755301,0.009939523189603913,0.01695218008875627,0.046044184404403915,6.128860083873428,1.7013381151412093,0.040188114578879865,6.805352460564837,0.11245929046840923,0.34934781006893023,2.562726793791197,"[""Mockito"", ""BasicVerificationInOrderTest"", ""InOrder"", ""IMethods""]","[0.11627906976744186, 0.02134959969500572, 0.005985463873450192, 0.0055579307396323215]","[6.128860083873428, 0.5200152497140679, 0.11628901239846089, 0.040188114578879865]"
org.mockitousage.verification.BasicVerificationInOrderTest.shouldFailOnLastMethodBecauseOneInvocationWantedAgain,0.11627906976744186,0.037293016018882526,0.0055579307396323215,0.1491720640755301,0.009939523189603913,0.01695218008875627,0.046044184404403915,6.128860083873428,1.7013381151412093,0.040188114578879865,6.805352460564837,0.11245929046840923,0.34934781006893023,2.562726793791197,"[""IMethods"", ""BasicVerificationInOrderTest"", ""InOrder"", ""Mockito""]","[0.11627906976744186, 0.02134959969500572, 0.005985463873450192, 0.0055579307396323215]","[6.128860083873428, 0.5200152497140679, 0.11628901239846089, 0.040188114578879865]"
org.mockitousage.verification.BasicVerificationInOrderTest.shouldFailWhenLastMockCalledTwice,0.11627906976744186,0.037293016018882526,0.0055579307396323215,0.1491720640755301,0.009939523189603913,0.01695218008875627,0.046044184404403915,6.128860083873428,1.7013381151412093,0.040188114578879865,6.805352460564837,0.11245929046840923,0.34934781006893023,2.562726793791197,"[""Mockito"", ""BasicVerificationInOrderTest"", ""InOrder"", ""IMethods""]","[0.11627906976744186, 0.02134959969500572, 0.005985463873450192, 0.0055579307396323215]","[6.128860083873428, 0.5200152497140679, 0.11628901239846089, 0.040188114578879865]"
org.mockitousage.verification.BasicVerificationInOrderTest.shouldFailOnSecondMethodBecauseTwoInvocationsWantedAgain,0.11627906976744186,0.037293016018882526,0.0055579307396323215,0.1491720640755301,0.009939523189603913,0.01695218008875627,0.046044184404403915,6.128860083873428,1.7013381151412093,0.040188114578879865,6.805352460564837,0.11245929046840923,0.34934781006893023,2.562726793791197,"[""IMethods"", ""BasicVerificationInOrderTest"", ""InOrder"", ""Mockito""]","[0.11627906976744186, 0.02134959969500572, 0.005985463873450192, 0.0055579307396323215]","[6.128860083873428, 0.5200152497140679, 0.11628901239846089, 0.040188114578879865]"
org.mockitousage.verification.BasicVerificationInOrderTest.shouldFailOnFirstMethodBecauseOneInvocationWanted,0.11627906976744186,0.037293016018882526,0.0055579307396323215,0.1491720640755301,0.009939523189603913,0.01695218008875627,0.046044184404403915,6.128860083873428,1.7013381151412093,0.040188114578879865,6.805352460564837,0.11245929046840923,0.34934781006893023,2.562726793791197,"[""IMethods"", ""BasicVerificationInOrderTest"", ""InOrder"", ""Mockito""]","[0.11627906976744186, 0.02134959969500572, 0.005985463873450192, 0.0055579307396323215]","[6.128860083873428, 0.5200152497140679, 0.11628901239846089, 0.040188114578879865]"
org.mockitousage.verification.BasicVerificationInOrderTest.shouldFailOnLastMethodBecauseOneInvocationWanted,0.11627906976744186,0.037293016018882526,0.0055579307396323215,0.1491720640755301,0.009939523189603913,0.01695218008875627,0.046044184404403915,6.128860083873428,1.7013381151412093,0.040188114578879865,6.805352460564837,0.11245929046840923,0.34934781006893023,2.562726793791197,"[""IMethods"", ""BasicVerificationInOrderTest"", ""InOrder"", ""Mockito""]","[0.11627906976744186, 0.02134959969500572, 0.005985463873450192, 0.0055579307396323215]","[6.128860083873428, 0.5200152497140679, 0.11628901239846089, 0.040188114578879865]"
org.mockitousage.verification.BasicVerificationInOrderTest.shouldVerifyInOrderUsingAtLeastOnce,0.11627906976744186,0.037293016018882526,0.0055579307396323215,0.1491720640755301,0.009939523189603913,0.01695218008875627,0.046044184404403915,6.128860083873428,1.7013381151412093,0.040188114578879865,6.805352460564837,0.11245929046840923,0.34934781006893023,2.562726793791197,"[""IMethods"", ""BasicVerificationInOrderTest"", ""InOrder"", ""Mockito""]","[0.11627906976744186, 0.02134959969500572, 0.005985463873450192, 0.0055579307396323215]","[6.128860083873428, 0.5200152497140679, 0.11628901239846089, 0.040188114578879865]"
org.mockitousage.verification.BasicVerificationInOrderTest.shouldFailOnFirstMethodBecauseOneInvocationWantedAgain,0.11627906976744186,0.037293016018882526,0.0055579307396323215,0.1491720640755301,0.009939523189603913,0.01695218008875627,0.046044184404403915,6.128860083873428,1.7013381151412093,0.040188114578879865,6.805352460564837,0.11245929046840923,0.34934781006893023,2.562726793791197,"[""IMethods"", ""BasicVerificationInOrderTest"", ""InOrder"", ""Mockito""]","[0.11627906976744186, 0.02134959969500572, 0.005985463873450192, 0.0055579307396323215]","[6.128860083873428, 0.5200152497140679, 0.11628901239846089, 0.040188114578879865]"
org.mockitousage.verification.BasicVerificationInOrderTest.shouldFailWhenMiddleMethodVerifiedFirst,0.11627906976744186,0.037293016018882526,0.0055579307396323215,0.1491720640755301,0.009939523189603913,0.01695218008875627,0.046044184404403915,6.128860083873428,1.7013381151412093,0.040188114578879865,6.805352460564837,0.11245929046840923,0.34934781006893023,2.562726793791197,"[""IMethods"", ""BasicVerificationInOrderTest"", ""InOrder"", ""Mockito""]","[0.11627906976744186, 0.02134959969500572, 0.005985463873450192, 0.0055579307396323215]","[6.128860083873428, 0.5200152497140679, 0.11628901239846089, 0.040188114578879865]"
org.mockitousage.verification.BasicVerificationInOrderTest.shouldVerifyInOrder,0.11627906976744186,0.037293016018882526,0.0055579307396323215,0.1491720640755301,0.009939523189603913,0.01695218008875627,0.046044184404403915,6.128860083873428,1.7013381151412093,0.040188114578879865,6.805352460564837,0.11245929046840923,0.34934781006893023,2.562726793791197,"[""Mockito"", ""BasicVerificationInOrderTest"", ""InOrder"", ""IMethods""]","[0.11627906976744186, 0.02134959969500572, 0.005985463873450192, 0.0055579307396323215]","[6.128860083873428, 0.5200152497140679, 0.11628901239846089, 0.040188114578879865]"
org.mockitousage.verification.VerificationUsingMatchersTest.shouldVerifyExactNumberOfInvocationsUsingMatcher,0.11627906976744186,0.04971057898237005,0.011503067484662576,0.14913173694711016,0.021071467393576546,0.030565744905928595,0.047242364626071044,6.128860083873428,2.254251900561885,0.1138803680981595,6.762755701685656,0.2760568245235571,0.7133153168765918,2.7447741638921617,"[""Mockito"", ""VerificationUsingMatchersTest"", ""IMethods""]","[0.11627906976744186, 0.02134959969500572, 0.011503067484662576]","[6.128860083873428, 0.5200152497140679, 0.1138803680981595]"
org.mockitousage.verification.VerificationUsingMatchersTest.shouldVerifyUsingSameMatcher,0.11627906976744186,0.04971057898237005,0.011503067484662576,0.14913173694711016,0.021071467393576546,0.030565744905928595,0.047242364626071044,6.128860083873428,2.254251900561885,0.1138803680981595,6.762755701685656,0.2760568245235571,0.7133153168765918,2.7447741638921617,"[""Mockito"", ""String"", ""VerificationUsingMatchersTest"", ""IMethods""]","[0.11627906976744186, 0.02134959969500572, 0.011503067484662576]","[6.128860083873428, 0.5200152497140679, 0.1138803680981595]"
org.mockito.internal.verification.VerificationOverTimeImplTest.should_return_on_success,0.11627906976744186,0.03727947010948559,0.003110419906687403,0.14911788043794236,0.00860843365636698,0.016812934051866367,0.04586223848745808,6.128860083873428,1.6401600679815918,0.08242612752721618,6.560640271926367,0.16798219068656356,0.35183946211528605,2.5918429501859412,"[""VerificationMode"", ""VerificationOverTimeImplTest"", ""VerificationOverTimeImpl"", ""Mockito""]","[0.11627906976744186, 0.014986376021798364, 0.014742014742014743, 0.003110419906687403]","[6.128860083873428, 0.1880108991825613, 0.16134316134316135, 0.08242612752721618]"
org.mockitousage.stubbing.StubbingConsecutiveAnswersTest.shouldValidateConsecutiveExceptionForVoidMethod,0.11627906976744186,0.037264147786296484,0.0018645121193287756,0.14905659114518593,0.005744338151228472,0.01450498596028697,0.04614405660560052,6.128860083873428,1.7323315310732756,0.0018645121193287756,6.929326124293103,0.0073799503216664146,0.20171127745542178,2.5449491863518348,"[""Exception"", ""Mockito"", ""StubbingConsecutiveAnswersTest"", ""VoidMethodStubbable"", ""IMethods""]","[0.11627906976744186, 0.02134959969500572, 0.009563409563409564, 0.0018645121193287756]","[6.128860083873428, 0.5200152497140679, 0.2785862785862786, 0.0018645121193287756]"
org.mockitousage.stubbing.StubbingConsecutiveAnswersTest.shouldStubVoidMethodAndContinueThrowing,0.11627906976744186,0.037264147786296484,0.0018645121193287756,0.14905659114518593,0.005744338151228472,0.01450498596028697,0.04614405660560052,6.128860083873428,1.7323315310732756,0.0018645121193287756,6.929326124293103,0.0073799503216664146,0.20171127745542178,2.5449491863518348,"[""NullPointerException"", ""Mockito"", ""StubbingConsecutiveAnswersTest"", ""VoidMethodStubbable"", ""IllegalArgumentException"", ""IMethods""]","[0.11627906976744186, 0.02134959969500572, 0.009563409563409564, 0.0018645121193287756]","[6.128860083873428, 0.5200152497140679, 0.2785862785862786, 0.0018645121193287756]"
org.mockitousage.stubbing.StubbingConsecutiveAnswersTest.shouldStubVoidMethod,0.11627906976744186,0.037264147786296484,0.0018645121193287756,0.14905659114518593,0.005744338151228472,0.01450498596028697,0.04614405660560052,6.128860083873428,1.7323315310732756,0.0018645121193287756,6.929326124293103,0.0073799503216664146,0.20171127745542178,2.5449491863518348,"[""NullPointerException"", ""Mockito"", ""StubbingConsecutiveAnswersTest"", ""VoidMethodStubbable"", ""IMethods""]","[0.11627906976744186, 0.02134959969500572, 0.009563409563409564, 0.0018645121193287756]","[6.128860083873428, 0.5200152497140679, 0.2785862785862786, 0.0018645121193287756]"
org.mockitousage.verification.SelectedMocksInOrderVerificationTest.shouldVerifyInOrderMockOneAndThree,0.11627906976744186,0.03725741799709761,0.0055579307396323215,0.14902967198839043,0.00983997204799149,0.016850446352306647,0.04606842403393923,6.128860083873428,1.6982466633771534,0.040188114578879865,6.792986653508613,0.10931455168956607,0.33966553938824134,2.5646437367647996,"[""IMethods"", ""SelectedMocksInOrderVerificationTest"", ""InOrder"", ""Mockito""]","[0.11627906976744186, 0.02134959969500572, 0.005843071786310518, 0.0055579307396323215]","[6.128860083873428, 0.5200152497140679, 0.10392320534223706, 0.040188114578879865]"
org.mockitousage.verification.SelectedMocksInOrderVerificationTest.shouldVerifyAllInvocationsInOrder,0.11627906976744186,0.03725741799709761,0.0055579307396323215,0.14902967198839043,0.00983997204799149,0.016850446352306647,0.04606842403393923,6.128860083873428,1.6982466633771534,0.040188114578879865,6.792986653508613,0.10931455168956607,0.33966553938824134,2.5646437367647996,"[""IMethods"", ""SelectedMocksInOrderVerificationTest"", ""InOrder"", ""Mockito""]","[0.11627906976744186, 0.02134959969500572, 0.005843071786310518, 0.0055579307396323215]","[6.128860083873428, 0.5200152497140679, 0.10392320534223706, 0.040188114578879865]"
org.mockitousage.verification.SelectedMocksInOrderVerificationTest.shouldFailVerificationForMockOneBecauseOfWrongOrder,0.11627906976744186,0.03725741799709761,0.0055579307396323215,0.14902967198839043,0.00983997204799149,0.016850446352306647,0.04606842403393923,6.128860083873428,1.6982466633771534,0.040188114578879865,6.792986653508613,0.10931455168956607,0.33966553938824134,2.5646437367647996,"[""IMethods"", ""SelectedMocksInOrderVerificationTest"", ""InOrder"", ""Mockito""]","[0.11627906976744186, 0.02134959969500572, 0.005843071786310518, 0.0055579307396323215]","[6.128860083873428, 0.5200152497140679, 0.10392320534223706, 0.040188114578879865]"
org.mockitousage.verification.SelectedMocksInOrderVerificationTest.shouldThrowTooManyInvocationsForMockTwo,0.11627906976744186,0.03725741799709761,0.0055579307396323215,0.14902967198839043,0.00983997204799149,0.016850446352306647,0.04606842403393923,6.128860083873428,1.6982466633771534,0.040188114578879865,6.792986653508613,0.10931455168956607,0.33966553938824134,2.5646437367647996,"[""IMethods"", ""SelectedMocksInOrderVerificationTest"", ""InOrder"", ""Mockito""]","[0.11627906976744186, 0.02134959969500572, 0.005843071786310518, 0.0055579307396323215]","[6.128860083873428, 0.5200152497140679, 0.10392320534223706, 0.040188114578879865]"
org.mockitousage.verification.SelectedMocksInOrderVerificationTest.shouldFailVerificationForMockOne,0.11627906976744186,0.03725741799709761,0.0055579307396323215,0.14902967198839043,0.00983997204799149,0.016850446352306647,0.04606842403393923,6.128860083873428,1.6982466633771534,0.040188114578879865,6.792986653508613,0.10931455168956607,0.33966553938824134,2.5646437367647996,"[""IMethods"", ""SelectedMocksInOrderVerificationTest"", ""InOrder"", ""Mockito""]","[0.11627906976744186, 0.02134959969500572, 0.005843071786310518, 0.0055579307396323215]","[6.128860083873428, 0.5200152497140679, 0.10392320534223706, 0.040188114578879865]"
org.mockitousage.verification.SelectedMocksInOrderVerificationTest.shouldVerifyInOrderMockTwoAndThree,0.11627906976744186,0.03725741799709761,0.0055579307396323215,0.14902967198839043,0.00983997204799149,0.016850446352306647,0.04606842403393923,6.128860083873428,1.6982466633771534,0.040188114578879865,6.792986653508613,0.10931455168956607,0.33966553938824134,2.5646437367647996,"[""IMethods"", ""SelectedMocksInOrderVerificationTest"", ""InOrder"", ""Mockito""]","[0.11627906976744186, 0.02134959969500572, 0.005843071786310518, 0.0055579307396323215]","[6.128860083873428, 0.5200152497140679, 0.10392320534223706, 0.040188114578879865]"
org.mockitousage.verification.SelectedMocksInOrderVerificationTest.shouldVerifyMockTwo,0.11627906976744186,0.03725741799709761,0.0055579307396323215,0.14902967198839043,0.00983997204799149,0.016850446352306647,0.04606842403393923,6.128860083873428,1.6982466633771534,0.040188114578879865,6.792986653508613,0.10931455168956607,0.33966553938824134,2.5646437367647996,"[""IMethods"", ""SelectedMocksInOrderVerificationTest"", ""InOrder"", ""Mockito""]","[0.11627906976744186, 0.02134959969500572, 0.005843071786310518, 0.0055579307396323215]","[6.128860083873428, 0.5200152497140679, 0.10392320534223706, 0.040188114578879865]"
org.mockitousage.verification.SelectedMocksInOrderVerificationTest.shouldFailVerificationForMockTwo,0.11627906976744186,0.03725741799709761,0.0055579307396323215,0.14902967198839043,0.00983997204799149,0.016850446352306647,0.04606842403393923,6.128860083873428,1.6982466633771534,0.040188114578879865,6.792986653508613,0.10931455168956607,0.33966553938824134,2.5646437367647996,"[""IMethods"", ""SelectedMocksInOrderVerificationTest"", ""InOrder"", ""Mockito""]","[0.11627906976744186, 0.02134959969500572, 0.005843071786310518, 0.0055579307396323215]","[6.128860083873428, 0.5200152497140679, 0.10392320534223706, 0.040188114578879865]"
org.mockitousage.verification.SelectedMocksInOrderVerificationTest.shouldVerifyMockTwoWhenThreeTimesUsed,0.11627906976744186,0.03725741799709761,0.0055579307396323215,0.14902967198839043,0.00983997204799149,0.016850446352306647,0.04606842403393923,6.128860083873428,1.6982466633771534,0.040188114578879865,6.792986653508613,0.10931455168956607,0.33966553938824134,2.5646437367647996,"[""IMethods"", ""SelectedMocksInOrderVerificationTest"", ""InOrder"", ""Mockito""]","[0.11627906976744186, 0.02134959969500572, 0.005843071786310518, 0.0055579307396323215]","[6.128860083873428, 0.5200152497140679, 0.10392320534223706, 0.040188114578879865]"
org.mockitousage.verification.SelectedMocksInOrderVerificationTest.shouldVerifyMockTwoCompletely,0.11627906976744186,0.03725741799709761,0.0055579307396323215,0.14902967198839043,0.00983997204799149,0.016850446352306647,0.04606842403393923,6.128860083873428,1.6982466633771534,0.040188114578879865,6.792986653508613,0.10931455168956607,0.33966553938824134,2.5646437367647996,"[""IMethods"", ""SelectedMocksInOrderVerificationTest"", ""InOrder"", ""Mockito""]","[0.11627906976744186, 0.02134959969500572, 0.005843071786310518, 0.0055579307396323215]","[6.128860083873428, 0.5200152497140679, 0.10392320534223706, 0.040188114578879865]"
org.mockitousage.verification.SelectedMocksInOrderVerificationTest.shouldAllowTwoTimesOnMockTwo,0.11627906976744186,0.03725741799709761,0.0055579307396323215,0.14902967198839043,0.00983997204799149,0.016850446352306647,0.04606842403393923,6.128860083873428,1.6982466633771534,0.040188114578879865,6.792986653508613,0.10931455168956607,0.33966553938824134,2.5646437367647996,"[""IMethods"", ""SelectedMocksInOrderVerificationTest"", ""InOrder"", ""Mockito""]","[0.11627906976744186, 0.02134959969500572, 0.005843071786310518, 0.0055579307396323215]","[6.128860083873428, 0.5200152497140679, 0.10392320534223706, 0.040188114578879865]"
org.mockitousage.verification.SelectedMocksInOrderVerificationTest.shouldThrowNoMoreInvocationsForMockTwo,0.11627906976744186,0.03725741799709761,0.0055579307396323215,0.14902967198839043,0.00983997204799149,0.016850446352306647,0.04606842403393923,6.128860083873428,1.6982466633771534,0.040188114578879865,6.792986653508613,0.10931455168956607,0.33966553938824134,2.5646437367647996,"[""IMethods"", ""SelectedMocksInOrderVerificationTest"", ""InOrder"", ""Mockito""]","[0.11627906976744186, 0.02134959969500572, 0.005843071786310518, 0.0055579307396323215]","[6.128860083873428, 0.5200152497140679, 0.10392320534223706, 0.040188114578879865]"
org.mockitousage.verification.SelectedMocksInOrderVerificationTest.shouldThrowTooLittleInvocationsForMockTwo,0.11627906976744186,0.03725741799709761,0.0055579307396323215,0.14902967198839043,0.00983997204799149,0.016850446352306647,0.04606842403393923,6.128860083873428,1.6982466633771534,0.040188114578879865,6.792986653508613,0.10931455168956607,0.33966553938824134,2.5646437367647996,"[""IMethods"", ""SelectedMocksInOrderVerificationTest"", ""InOrder"", ""Mockito""]","[0.11627906976744186, 0.02134959969500572, 0.005843071786310518, 0.0055579307396323215]","[6.128860083873428, 0.5200152497140679, 0.10392320534223706, 0.040188114578879865]"
org.mockitousage.verification.SelectedMocksInOrderVerificationTest.shouldVerifyMockOneInOrder,0.11627906976744186,0.03725741799709761,0.0055579307396323215,0.14902967198839043,0.00983997204799149,0.016850446352306647,0.04606842403393923,6.128860083873428,1.6982466633771534,0.040188114578879865,6.792986653508613,0.10931455168956607,0.33966553938824134,2.5646437367647996,"[""IMethods"", ""SelectedMocksInOrderVerificationTest"", ""InOrder"", ""Mockito""]","[0.11627906976744186, 0.02134959969500572, 0.005843071786310518, 0.0055579307396323215]","[6.128860083873428, 0.5200152497140679, 0.10392320534223706, 0.040188114578879865]"
org.mockitousage.verification.SelectedMocksInOrderVerificationTest.shouldAllowThreeTimesOnMockTwo,0.11627906976744186,0.03725741799709761,0.0055579307396323215,0.14902967198839043,0.00983997204799149,0.016850446352306647,0.04606842403393923,6.128860083873428,1.6982466633771534,0.040188114578879865,6.792986653508613,0.10931455168956607,0.33966553938824134,2.5646437367647996,"[""IMethods"", ""SelectedMocksInOrderVerificationTest"", ""InOrder"", ""Mockito""]","[0.11627906976744186, 0.02134959969500572, 0.005843071786310518, 0.0055579307396323215]","[6.128860083873428, 0.5200152497140679, 0.10392320534223706, 0.040188114578879865]"
org.mockitousage.stacktrace.ClickableStackTracesTest.shouldShowActualAndExpectedWhenArgumentsAreDifferent,0.11627906976744186,0.037192711544946404,0.003970504821327283,0.14877084617978562,0.008953875549124399,0.01630569656870545,0.04612654900156865,6.128860083873428,1.6728671440954228,0.019285309132161088,6.691468576381691,0.041303978865013746,0.19455013710002841,2.580713033416162,"[""ArgumentsAreDifferent"", ""Mockito"", ""ClickableStackTracesTest"", ""IMethods""]","[0.11627906976744186, 0.02134959969500572, 0.007171671896010758, 0.003970504821327283]","[6.128860083873428, 0.5200152497140679, 0.02330793366203496, 0.019285309132161088]"
org.mockitousage.bugs.TimeoutWithAtMostOrNeverShouldBeDisabledTest.shouldDisableTimeoutForNever,0.11627906976744186,0.03714026072351687,0.0013477088948787063,0.1485610428940675,0.004435707977277558,0.013381847436218633,0.04624044149935897,6.128860083873428,1.715533529882497,0.0,6.862134119529988,0.4427834108400626,0.8792267775155529,2.7192233085902378,"[""VerificationWithTimeout"", ""TimeoutWithAtMostOrNeverShouldBeDisabledTest"", ""IMethods"", ""Mockito""]","[0.11627906976744186, 0.02134959969500572, 0.009584664536741214, 0.0013477088948787063]","[6.128860083873428, 0.5200152497140679, 0.213258785942492, 0.0]"
org.mockitousage.bugs.TimeoutWithAtMostOrNeverShouldBeDisabledTest.shouldDisableTimeoutForAtMost,0.11627906976744186,0.03714026072351687,0.0013477088948787063,0.1485610428940675,0.004435707977277558,0.013381847436218633,0.04624044149935897,6.128860083873428,1.715533529882497,0.0,6.862134119529988,0.4427834108400626,0.8792267775155529,2.7192233085902378,"[""VerificationWithTimeout"", ""TimeoutWithAtMostOrNeverShouldBeDisabledTest"", ""IMethods"", ""Mockito""]","[0.11627906976744186, 0.02134959969500572, 0.009584664536741214, 0.0013477088948787063]","[6.128860083873428, 0.5200152497140679, 0.213258785942492, 0.0]"
org.mockitousage.verification.VerificationInOrderWithCallsTest.shouldAllowFewerCallsForMethodsOnDifferentMocks,0.11627906976744186,0.037026965011149895,0.004921259842519685,0.14810786004459958,0.009120709711488649,0.016142477064092282,0.046227027575637694,6.128860083873428,2.0521871218841135,0.040188114578879865,8.208748487536454,0.14478488735400702,0.6642196992235325,2.413426586731137,"[""Mockito"", ""VerificationInOrderWithCallsTest"", ""InOrder"", ""IMethods""]","[0.11627906976744186, 0.02134959969500572, 0.0055579307396323215, 0.004921259842519685]","[6.128860083873428, 0.5200152497140679, 0.040188114578879865, 1.5196850393700787]"
org.mockitousage.verification.VerificationInOrderWithCallsTest.shouldVerifyWithAtLeastAfterUseOfCalls,0.11627906976744186,0.037026965011149895,0.004921259842519685,0.14810786004459958,0.009120709711488649,0.016142477064092282,0.046227027575637694,6.128860083873428,2.0521871218841135,0.040188114578879865,8.208748487536454,0.14478488735400702,0.6642196992235325,2.413426586731137,"[""Mockito"", ""VerificationInOrderWithCallsTest"", ""InOrder"", ""IMethods""]","[0.11627906976744186, 0.02134959969500572, 0.0055579307396323215, 0.004921259842519685]","[6.128860083873428, 0.5200152497140679, 0.040188114578879865, 1.5196850393700787]"
org.mockitousage.verification.VerificationInOrderWithCallsTest.shouldVerifyWithTimesAfterCallsInSameChunk,0.11627906976744186,0.037026965011149895,0.004921259842519685,0.14810786004459958,0.009120709711488649,0.016142477064092282,0.046227027575637694,6.128860083873428,2.0521871218841135,0.040188114578879865,8.208748487536454,0.14478488735400702,0.6642196992235325,2.413426586731137,"[""Mockito"", ""VerificationInOrderWithCallsTest"", ""InOrder"", ""IMethods""]","[0.11627906976744186, 0.02134959969500572, 0.0055579307396323215, 0.004921259842519685]","[6.128860083873428, 0.5200152497140679, 0.040188114578879865, 1.5196850393700787]"
org.mockitousage.verification.VerificationInOrderWithCallsTest.shouldVerifyWithCallsAfterUseOfAtLeast,0.11627906976744186,0.037026965011149895,0.004921259842519685,0.14810786004459958,0.009120709711488649,0.016142477064092282,0.046227027575637694,6.128860083873428,2.0521871218841135,0.040188114578879865,8.208748487536454,0.14478488735400702,0.6642196992235325,2.413426586731137,"[""Mockito"", ""VerificationInOrderWithCallsTest"", ""InOrder"", ""IMethods""]","[0.11627906976744186, 0.02134959969500572, 0.0055579307396323215, 0.004921259842519685]","[6.128860083873428, 0.5200152497140679, 0.040188114578879865, 1.5196850393700787]"
org.mockitousage.verification.VerificationInOrderWithCallsTest.shouldFailToCreateCallsWithZeroArgument,0.11627906976744186,0.037026965011149895,0.004921259842519685,0.14810786004459958,0.009120709711488649,0.016142477064092282,0.046227027575637694,6.128860083873428,2.0521871218841135,0.040188114578879865,8.208748487536454,0.14478488735400702,0.6642196992235325,2.413426586731137,"[""Mockito"", ""VerificationInOrderWithCallsTest"", ""ExpectedException"", ""InOrder"", ""IMethods""]","[0.11627906976744186, 0.02134959969500572, 0.0055579307396323215, 0.004921259842519685]","[6.128860083873428, 0.5200152497140679, 0.040188114578879865, 1.5196850393700787]"
org.mockitousage.verification.VerificationInOrderWithCallsTest.shouldVerifyWithTimesAfterUseOfCalls,0.11627906976744186,0.037026965011149895,0.004921259842519685,0.14810786004459958,0.009120709711488649,0.016142477064092282,0.046227027575637694,6.128860083873428,2.0521871218841135,0.040188114578879865,8.208748487536454,0.14478488735400702,0.6642196992235325,2.413426586731137,"[""Mockito"", ""VerificationInOrderWithCallsTest"", ""InOrder"", ""IMethods""]","[0.11627906976744186, 0.02134959969500572, 0.0055579307396323215, 0.004921259842519685]","[6.128860083873428, 0.5200152497140679, 0.040188114578879865, 1.5196850393700787]"
org.mockitousage.verification.VerificationInOrderWithCallsTest.shouldVerifyWithCallsAfterUseOfTimes,0.11627906976744186,0.037026965011149895,0.004921259842519685,0.14810786004459958,0.009120709711488649,0.016142477064092282,0.046227027575637694,6.128860083873428,2.0521871218841135,0.040188114578879865,8.208748487536454,0.14478488735400702,0.6642196992235325,2.413426586731137,"[""Mockito"", ""VerificationInOrderWithCallsTest"", ""InOrder"", ""IMethods""]","[0.11627906976744186, 0.02134959969500572, 0.0055579307396323215, 0.004921259842519685]","[6.128860083873428, 0.5200152497140679, 0.040188114578879865, 1.5196850393700787]"
org.mockitousage.verification.VerificationInOrderWithCallsTest.shouldAllowSequentialCallsToCallsForDifferentMethods,0.11627906976744186,0.037026965011149895,0.004921259842519685,0.14810786004459958,0.009120709711488649,0.016142477064092282,0.046227027575637694,6.128860083873428,2.0521871218841135,0.040188114578879865,8.208748487536454,0.14478488735400702,0.6642196992235325,2.413426586731137,"[""Mockito"", ""VerificationInOrderWithCallsTest"", ""InOrder"", ""IMethods""]","[0.11627906976744186, 0.02134959969500572, 0.0055579307396323215, 0.004921259842519685]","[6.128860083873428, 0.5200152497140679, 0.040188114578879865, 1.5196850393700787]"
org.mockitousage.verification.VerificationInOrderWithCallsTest.shouldFailToCreateCallsWithNegativeArgument,0.11627906976744186,0.037026965011149895,0.004921259842519685,0.14810786004459958,0.009120709711488649,0.016142477064092282,0.046227027575637694,6.128860083873428,2.0521871218841135,0.040188114578879865,8.208748487536454,0.14478488735400702,0.6642196992235325,2.413426586731137,"[""Mockito"", ""VerificationInOrderWithCallsTest"", ""ExpectedException"", ""InOrder"", ""IMethods""]","[0.11627906976744186, 0.02134959969500572, 0.0055579307396323215, 0.004921259842519685]","[6.128860083873428, 0.5200152497140679, 0.040188114578879865, 1.5196850393700787]"
org.mockitousage.verification.VerificationInOrderWithCallsTest.shouldAllowSequentialCallsToCallsForSingleMethod,0.11627906976744186,0.037026965011149895,0.004921259842519685,0.14810786004459958,0.009120709711488649,0.016142477064092282,0.046227027575637694,6.128860083873428,2.0521871218841135,0.040188114578879865,8.208748487536454,0.14478488735400702,0.6642196992235325,2.413426586731137,"[""Mockito"", ""VerificationInOrderWithCallsTest"", ""InOrder"", ""IMethods""]","[0.11627906976744186, 0.02134959969500572, 0.0055579307396323215, 0.004921259842519685]","[6.128860083873428, 0.5200152497140679, 0.040188114578879865, 1.5196850393700787]"
org.mockitousage.verification.VerificationInOrderWithCallsTest.shouldAllowSequentialCallsToCallsForMethodsOnDifferentMocks,0.11627906976744186,0.037026965011149895,0.004921259842519685,0.14810786004459958,0.009120709711488649,0.016142477064092282,0.046227027575637694,6.128860083873428,2.0521871218841135,0.040188114578879865,8.208748487536454,0.14478488735400702,0.6642196992235325,2.413426586731137,"[""Mockito"", ""VerificationInOrderWithCallsTest"", ""InOrder"", ""IMethods""]","[0.11627906976744186, 0.02134959969500572, 0.0055579307396323215, 0.004921259842519685]","[6.128860083873428, 0.5200152497140679, 0.040188114578879865, 1.5196850393700787]"
org.mockitousage.verification.VerificationInOrderWithCallsTest.shouldAllowFewerCallsForDifferentMethods,0.11627906976744186,0.037026965011149895,0.004921259842519685,0.14810786004459958,0.009120709711488649,0.016142477064092282,0.046227027575637694,6.128860083873428,2.0521871218841135,0.040188114578879865,8.208748487536454,0.14478488735400702,0.6642196992235325,2.413426586731137,"[""Mockito"", ""VerificationInOrderWithCallsTest"", ""InOrder"", ""IMethods""]","[0.11627906976744186, 0.02134959969500572, 0.0055579307396323215, 0.004921259842519685]","[6.128860083873428, 0.5200152497140679, 0.040188114578879865, 1.5196850393700787]"
org.mockitousage.verification.VerificationInOrderWithCallsTest.shouldAllowFewerCallsForSingleMethod,0.11627906976744186,0.037026965011149895,0.004921259842519685,0.14810786004459958,0.009120709711488649,0.016142477064092282,0.046227027575637694,6.128860083873428,2.0521871218841135,0.040188114578879865,8.208748487536454,0.14478488735400702,0.6642196992235325,2.413426586731137,"[""Mockito"", ""VerificationInOrderWithCallsTest"", ""InOrder"", ""IMethods""]","[0.11627906976744186, 0.02134959969500572, 0.0055579307396323215, 0.004921259842519685]","[6.128860083873428, 0.5200152497140679, 0.040188114578879865, 1.5196850393700787]"
org.mockitousage.verification.FindingRedundantInvocationsInOrderTest.shouldSayNoInteractionsWanted,0.11627906976744186,0.029611380303794076,0.001718213058419244,0.14805690151897039,0.004406791398233749,0.009434001914650445,0.04390042543358513,6.128860083873428,1.3497329450499114,0.0028636884306987398,6.748664725249557,0.012696988645135469,0.11578652274073659,2.3970519023207477,"[""VerificationInOrderFailure"", ""Mockito"", ""FindingRedundantInvocationsInOrderTest"", ""InOrder"", ""IMethods""]","[0.11627906976744186, 0.02134959969500572, 0.0055579307396323215, 0.0031520882584712374, 0.001718213058419244]","[6.128860083873428, 0.5200152497140679, 0.040188114578879865, 0.05673758865248227, 0.0028636884306987398]"
org.mockitousage.bugs.ClassCastExOnVerifyZeroInteractionsTest.should_report_bogus_default_answer,0.11627906976744186,0.0740125507567368,0.031746031746031744,0.1480251015134736,0.04987531172069825,0.06075688471470743,0.04226651901070506,6.128860083873428,3.175541153047825,0.2222222222222222,6.35108230609565,0.428893483625692,1.1670342357992025,2.9533189308256027,"[""ClassCastExOnVerifyZeroInteractionsTest"", ""Object"", ""Mockito"", ""ClassCastExOnVerifyZeroInteractionsTest$2"", ""Boolean""]","[0.11627906976744186, 0.031746031746031744]","[6.128860083873428, 0.2222222222222222]"
org.mockitousage.verification.PrintingVerboseTypesWithArgumentsTest.shouldNotShowTypesWhenTypesAreTheSameEvenIfToStringGivesTheSameResult,0.11627906976744186,0.03699022440408994,0.0031605562579013905,0.14796089761635975,0.007823550984056021,0.015401705173821402,0.04627348771408491,6.128860083873428,1.6754731240184508,0.02330793366203496,6.701892496073803,0.050858488987667316,0.21674432474952463,2.579046671177575,"[""PrintingVerboseTypesWithArgumentsTest"", ""Object"", ""Mockito"", ""ArgumentsAreDifferent"", ""PrintingVerboseTypesWithArgumentsTest$Foo"", ""IMethods""]","[0.11627906976744186, 0.02134959969500572, 0.007171671896010758, 0.0031605562579013905]","[6.128860083873428, 0.5200152497140679, 0.02330793366203496, 0.02970922882427307]"
org.mockitousage.verification.RelaxedVerificationInOrderTest.shouldAllowTimesZeroButOnlyInOrder,0.11627906976744186,0.03697236616851912,0.00470286447199658,0.1478894646740765,0.00892859681381328,0.015960324599944488,0.04626502880435418,6.128860083873428,1.6930012190317607,0.040188114578879865,6.772004876127043,0.10249613248926871,0.32104523736869983,2.5679185949950614,"[""RelaxedVerificationInOrderTest"", ""IMethods"", ""InOrder"", ""Mockito""]","[0.11627906976744186, 0.02134959969500572, 0.0055579307396323215, 0.00470286447199658]","[6.128860083873428, 0.5200152497140679, 0.040188114578879865, 0.08294142796066695]"
org.mockitousage.verification.RelaxedVerificationInOrderTest.shouldVerifyInOrderOnlyTwoInvocations,0.11627906976744186,0.03697236616851912,0.00470286447199658,0.1478894646740765,0.00892859681381328,0.015960324599944488,0.04626502880435418,6.128860083873428,1.6930012190317607,0.040188114578879865,6.772004876127043,0.10249613248926871,0.32104523736869983,2.5679185949950614,"[""RelaxedVerificationInOrderTest"", ""IMethods"", ""InOrder"", ""Mockito""]","[0.11627906976744186, 0.02134959969500572, 0.0055579307396323215, 0.00470286447199658]","[6.128860083873428, 0.5200152497140679, 0.040188114578879865, 0.08294142796066695]"
org.mockitousage.verification.RelaxedVerificationInOrderTest.shouldVerifyInOrderMockOneAndThree,0.11627906976744186,0.03697236616851912,0.00470286447199658,0.1478894646740765,0.00892859681381328,0.015960324599944488,0.04626502880435418,6.128860083873428,1.6930012190317607,0.040188114578879865,6.772004876127043,0.10249613248926871,0.32104523736869983,2.5679185949950614,"[""RelaxedVerificationInOrderTest"", ""Mockito"", ""InOrder"", ""IMethods""]","[0.11627906976744186, 0.02134959969500572, 0.0055579307396323215, 0.00470286447199658]","[6.128860083873428, 0.5200152497140679, 0.040188114578879865, 0.08294142796066695]"
org.mockitousage.verification.RelaxedVerificationInOrderTest.shouldAllowFirstChunkBeforeLastInvocation,0.11627906976744186,0.03697236616851912,0.00470286447199658,0.1478894646740765,0.00892859681381328,0.015960324599944488,0.04626502880435418,6.128860083873428,1.6930012190317607,0.040188114578879865,6.772004876127043,0.10249613248926871,0.32104523736869983,2.5679185949950614,"[""RelaxedVerificationInOrderTest"", ""IMethods"", ""InOrder"", ""Mockito""]","[0.11627906976744186, 0.02134959969500572, 0.0055579307396323215, 0.00470286447199658]","[6.128860083873428, 0.5200152497140679, 0.040188114578879865, 0.08294142796066695]"
org.mockitousage.verification.RelaxedVerificationInOrderTest.shouldVerifyInteractionsFromFirstChunk,0.11627906976744186,0.03697236616851912,0.00470286447199658,0.1478894646740765,0.00892859681381328,0.015960324599944488,0.04626502880435418,6.128860083873428,1.6930012190317607,0.040188114578879865,6.772004876127043,0.10249613248926871,0.32104523736869983,2.5679185949950614,"[""RelaxedVerificationInOrderTest"", ""IMethods"", ""InOrder"", ""Mockito""]","[0.11627906976744186, 0.02134959969500572, 0.0055579307396323215, 0.00470286447199658]","[6.128860083873428, 0.5200152497140679, 0.040188114578879865, 0.08294142796066695]"
org.mockitousage.verification.RelaxedVerificationInOrderTest.shouldVerifyInteractionsFromAllChunksWhenAtLeastOnceMode,0.11627906976744186,0.03697236616851912,0.00470286447199658,0.1478894646740765,0.00892859681381328,0.015960324599944488,0.04626502880435418,6.128860083873428,1.6930012190317607,0.040188114578879865,6.772004876127043,0.10249613248926871,0.32104523736869983,2.5679185949950614,"[""RelaxedVerificationInOrderTest"", ""IMethods"", ""InOrder"", ""Mockito""]","[0.11627906976744186, 0.02134959969500572, 0.0055579307396323215, 0.00470286447199658]","[6.128860083873428, 0.5200152497140679, 0.040188114578879865, 0.08294142796066695]"
org.mockitousage.verification.RelaxedVerificationInOrderTest.shouldVerifyInOrderAndBeRelaxed,0.11627906976744186,0.03697236616851912,0.00470286447199658,0.1478894646740765,0.00892859681381328,0.015960324599944488,0.04626502880435418,6.128860083873428,1.6930012190317607,0.040188114578879865,6.772004876127043,0.10249613248926871,0.32104523736869983,2.5679185949950614,"[""RelaxedVerificationInOrderTest"", ""IMethods"", ""InOrder"", ""Mockito""]","[0.11627906976744186, 0.02134959969500572, 0.0055579307396323215, 0.00470286447199658]","[6.128860083873428, 0.5200152497140679, 0.040188114578879865, 0.08294142796066695]"
org.mockitousage.verification.RelaxedVerificationInOrderTest.shouldFailTimesZeroInOrder,0.11627906976744186,0.03697236616851912,0.00470286447199658,0.1478894646740765,0.00892859681381328,0.015960324599944488,0.04626502880435418,6.128860083873428,1.6930012190317607,0.040188114578879865,6.772004876127043,0.10249613248926871,0.32104523736869983,2.5679185949950614,"[""RelaxedVerificationInOrderTest"", ""IMethods"", ""InOrder"", ""Mockito""]","[0.11627906976744186, 0.02134959969500572, 0.0055579307396323215, 0.00470286447199658]","[6.128860083873428, 0.5200152497140679, 0.040188114578879865, 0.08294142796066695]"
org.mockitousage.verification.RelaxedVerificationInOrderTest.shouldVerifyInOrderOnlyMockTwo,0.11627906976744186,0.03697236616851912,0.00470286447199658,0.1478894646740765,0.00892859681381328,0.015960324599944488,0.04626502880435418,6.128860083873428,1.6930012190317607,0.040188114578879865,6.772004876127043,0.10249613248926871,0.32104523736869983,2.5679185949950614,"[""RelaxedVerificationInOrderTest"", ""IMethods"", ""InOrder"", ""Mockito""]","[0.11627906976744186, 0.02134959969500572, 0.0055579307396323215, 0.00470286447199658]","[6.128860083873428, 0.5200152497140679, 0.040188114578879865, 0.08294142796066695]"
org.mockitousage.verification.RelaxedVerificationInOrderTest.shouldFailOnLastTwoInvocationsInWrongOrder,0.11627906976744186,0.03697236616851912,0.00470286447199658,0.1478894646740765,0.00892859681381328,0.015960324599944488,0.04626502880435418,6.128860083873428,1.6930012190317607,0.040188114578879865,6.772004876127043,0.10249613248926871,0.32104523736869983,2.5679185949950614,"[""RelaxedVerificationInOrderTest"", ""Mockito"", ""InOrder"", ""IMethods""]","[0.11627906976744186, 0.02134959969500572, 0.0055579307396323215, 0.00470286447199658]","[6.128860083873428, 0.5200152497140679, 0.040188114578879865, 0.08294142796066695]"
org.mockitousage.verification.RelaxedVerificationInOrderTest.shouldAllowAllChunksBeforeLastInvocation,0.11627906976744186,0.03697236616851912,0.00470286447199658,0.1478894646740765,0.00892859681381328,0.015960324599944488,0.04626502880435418,6.128860083873428,1.6930012190317607,0.040188114578879865,6.772004876127043,0.10249613248926871,0.32104523736869983,2.5679185949950614,"[""RelaxedVerificationInOrderTest"", ""IMethods"", ""InOrder"", ""Mockito""]","[0.11627906976744186, 0.02134959969500572, 0.0055579307396323215, 0.00470286447199658]","[6.128860083873428, 0.5200152497140679, 0.040188114578879865, 0.08294142796066695]"
org.mockitousage.verification.RelaxedVerificationInOrderTest.shouldFailOnWrongMethodCalledOnMockTwo,0.11627906976744186,0.03697236616851912,0.00470286447199658,0.1478894646740765,0.00892859681381328,0.015960324599944488,0.04626502880435418,6.128860083873428,1.6930012190317607,0.040188114578879865,6.772004876127043,0.10249613248926871,0.32104523736869983,2.5679185949950614,"[""RelaxedVerificationInOrderTest"", ""IMethods"", ""InOrder"", ""Mockito""]","[0.11627906976744186, 0.02134959969500572, 0.0055579307396323215, 0.00470286447199658]","[6.128860083873428, 0.5200152497140679, 0.040188114578879865, 0.08294142796066695]"
org.mockitousage.verification.RelaxedVerificationInOrderTest.shouldPassOnEdgyCombinationOfTimesAndAtLeastOnce,0.11627906976744186,0.03697236616851912,0.00470286447199658,0.1478894646740765,0.00892859681381328,0.015960324599944488,0.04626502880435418,6.128860083873428,1.6930012190317607,0.040188114578879865,6.772004876127043,0.10249613248926871,0.32104523736869983,2.5679185949950614,"[""RelaxedVerificationInOrderTest"", ""Mockito"", ""InOrder"", ""IMethods""]","[0.11627906976744186, 0.02134959969500572, 0.0055579307396323215, 0.00470286447199658]","[6.128860083873428, 0.5200152497140679, 0.040188114578879865, 0.08294142796066695]"
org.mockitousage.verification.RelaxedVerificationInOrderTest.shouldFailVerificationOfNonFirstChunk,0.11627906976744186,0.03697236616851912,0.00470286447199658,0.1478894646740765,0.00892859681381328,0.015960324599944488,0.04626502880435418,6.128860083873428,1.6930012190317607,0.040188114578879865,6.772004876127043,0.10249613248926871,0.32104523736869983,2.5679185949950614,"[""RelaxedVerificationInOrderTest"", ""IMethods"", ""InOrder"", ""Mockito""]","[0.11627906976744186, 0.02134959969500572, 0.0055579307396323215, 0.00470286447199658]","[6.128860083873428, 0.5200152497140679, 0.040188114578879865, 0.08294142796066695]"
org.mockitousage.verification.RelaxedVerificationInOrderTest.shouldPassOnCombinationOfTimesAndAtLeastOnce,0.11627906976744186,0.03697236616851912,0.00470286447199658,0.1478894646740765,0.00892859681381328,0.015960324599944488,0.04626502880435418,6.128860083873428,1.6930012190317607,0.040188114578879865,6.772004876127043,0.10249613248926871,0.32104523736869983,2.5679185949950614,"[""RelaxedVerificationInOrderTest"", ""Mockito"", ""InOrder"", ""IMethods""]","[0.11627906976744186, 0.02134959969500572, 0.0055579307396323215, 0.00470286447199658]","[6.128860083873428, 0.5200152497140679, 0.040188114578879865, 0.08294142796066695]"
org.mockitousage.verification.RelaxedVerificationInOrderTest.shouldVerifyDetectAllChunksOfInvocationThatExistInManyChunks,0.11627906976744186,0.03697236616851912,0.00470286447199658,0.1478894646740765,0.00892859681381328,0.015960324599944488,0.04626502880435418,6.128860083873428,1.6930012190317607,0.040188114578879865,6.772004876127043,0.10249613248926871,0.32104523736869983,2.5679185949950614,"[""RelaxedVerificationInOrderTest"", ""IMethods"", ""InOrder"", ""Mockito""]","[0.11627906976744186, 0.02134959969500572, 0.0055579307396323215, 0.00470286447199658]","[6.128860083873428, 0.5200152497140679, 0.040188114578879865, 0.08294142796066695]"
org.mockitousage.verification.RelaxedVerificationInOrderTest.shouldVerifySecondAndLastInvocationWhenAtLeastOnceUsed,0.11627906976744186,0.03697236616851912,0.00470286447199658,0.1478894646740765,0.00892859681381328,0.015960324599944488,0.04626502880435418,6.128860083873428,1.6930012190317607,0.040188114578879865,6.772004876127043,0.10249613248926871,0.32104523736869983,2.5679185949950614,"[""RelaxedVerificationInOrderTest"", ""IMethods"", ""InOrder"", ""Mockito""]","[0.11627906976744186, 0.02134959969500572, 0.0055579307396323215, 0.00470286447199658]","[6.128860083873428, 0.5200152497140679, 0.040188114578879865, 0.08294142796066695]"
org.mockitousage.verification.RelaxedVerificationInOrderTest.shouldVerifySecondAndLastInvocation,0.11627906976744186,0.03697236616851912,0.00470286447199658,0.1478894646740765,0.00892859681381328,0.015960324599944488,0.04626502880435418,6.128860083873428,1.6930012190317607,0.040188114578879865,6.772004876127043,0.10249613248926871,0.32104523736869983,2.5679185949950614,"[""RelaxedVerificationInOrderTest"", ""IMethods"", ""InOrder"", ""Mockito""]","[0.11627906976744186, 0.02134959969500572, 0.0055579307396323215, 0.00470286447199658]","[6.128860083873428, 0.5200152497140679, 0.040188114578879865, 0.08294142796066695]"
org.mockitousage.verification.RelaxedVerificationInOrderTest.shouldVerifyDetectFirstChunkOfInvocationThatExistInManyChunks,0.11627906976744186,0.03697236616851912,0.00470286447199658,0.1478894646740765,0.00892859681381328,0.015960324599944488,0.04626502880435418,6.128860083873428,1.6930012190317607,0.040188114578879865,6.772004876127043,0.10249613248926871,0.32104523736869983,2.5679185949950614,"[""RelaxedVerificationInOrderTest"", ""IMethods"", ""InOrder"", ""Mockito""]","[0.11627906976744186, 0.02134959969500572, 0.0055579307396323215, 0.00470286447199658]","[6.128860083873428, 0.5200152497140679, 0.040188114578879865, 0.08294142796066695]"
org.mockitousage.verification.RelaxedVerificationInOrderTest.shouldVerifyInOrderAllInvocations,0.11627906976744186,0.03697236616851912,0.00470286447199658,0.1478894646740765,0.00892859681381328,0.015960324599944488,0.04626502880435418,6.128860083873428,1.6930012190317607,0.040188114578879865,6.772004876127043,0.10249613248926871,0.32104523736869983,2.5679185949950614,"[""RelaxedVerificationInOrderTest"", ""Mockito"", ""InOrder"", ""IMethods""]","[0.11627906976744186, 0.02134959969500572, 0.0055579307396323215, 0.00470286447199658]","[6.128860083873428, 0.5200152497140679, 0.040188114578879865, 0.08294142796066695]"
org.mockitousage.verification.RelaxedVerificationInOrderTest.shouldVerifyMockTwoCalledAtLeastOnce,0.11627906976744186,0.03697236616851912,0.00470286447199658,0.1478894646740765,0.00892859681381328,0.015960324599944488,0.04626502880435418,6.128860083873428,1.6930012190317607,0.040188114578879865,6.772004876127043,0.10249613248926871,0.32104523736869983,2.5679185949950614,"[""RelaxedVerificationInOrderTest"", ""IMethods"", ""InOrder"", ""Mockito""]","[0.11627906976744186, 0.02134959969500572, 0.0055579307396323215, 0.00470286447199658]","[6.128860083873428, 0.5200152497140679, 0.040188114578879865, 0.08294142796066695]"
org.mockitousage.verification.RelaxedVerificationInOrderTest.shouldFailWhenMockTwoWantedZeroTimes,0.11627906976744186,0.03697236616851912,0.00470286447199658,0.1478894646740765,0.00892859681381328,0.015960324599944488,0.04626502880435418,6.128860083873428,1.6930012190317607,0.040188114578879865,6.772004876127043,0.10249613248926871,0.32104523736869983,2.5679185949950614,"[""RelaxedVerificationInOrderTest"", ""IMethods"", ""InOrder"", ""Mockito""]","[0.11627906976744186, 0.02134959969500572, 0.0055579307396323215, 0.00470286447199658]","[6.128860083873428, 0.5200152497140679, 0.040188114578879865, 0.08294142796066695]"
org.mockitousage.verification.RelaxedVerificationInOrderTest.shouldVerifyMockTwoCalledTwice,0.11627906976744186,0.03697236616851912,0.00470286447199658,0.1478894646740765,0.00892859681381328,0.015960324599944488,0.04626502880435418,6.128860083873428,1.6930012190317607,0.040188114578879865,6.772004876127043,0.10249613248926871,0.32104523736869983,2.5679185949950614,"[""RelaxedVerificationInOrderTest"", ""IMethods"", ""InOrder"", ""Mockito""]","[0.11627906976744186, 0.02134959969500572, 0.0055579307396323215, 0.00470286447199658]","[6.128860083873428, 0.5200152497140679, 0.040188114578879865, 0.08294142796066695]"
org.mockitousage.verification.RelaxedVerificationInOrderTest.shouldVerifyInOrderMockTwoAndThree,0.11627906976744186,0.03697236616851912,0.00470286447199658,0.1478894646740765,0.00892859681381328,0.015960324599944488,0.04626502880435418,6.128860083873428,1.6930012190317607,0.040188114578879865,6.772004876127043,0.10249613248926871,0.32104523736869983,2.5679185949950614,"[""RelaxedVerificationInOrderTest"", ""IMethods"", ""InOrder"", ""Mockito""]","[0.11627906976744186, 0.02134959969500572, 0.0055579307396323215, 0.00470286447199658]","[6.128860083873428, 0.5200152497140679, 0.040188114578879865, 0.08294142796066695]"
org.mockitousage.stacktrace.ModellingDescriptiveMessagesTest.shouldSayNeverWantedButInvokedHere,0.11627906976744186,0.04927951300100115,0.01020986954055587,0.14783853900300345,0.01955878890737258,0.029374500655295437,0.04759361898513373,6.128860083873428,2.257131256024722,0.12251843448667045,6.771393768074166,0.2927337613142524,0.7309130934629038,2.742530949910443,"[""ModellingDescriptiveMessagesTest"", ""Mockito"", ""IMethods""]","[0.11627906976744186, 0.02134959969500572, 0.01020986954055587]","[6.128860083873428, 0.5200152497140679, 0.12251843448667045]"
org.mockitousage.stacktrace.ModellingDescriptiveMessagesTest.shouldSayTooLittleInvocationsInAtLeastMode,0.11627906976744186,0.04927951300100115,0.01020986954055587,0.14783853900300345,0.01955878890737258,0.029374500655295437,0.04759361898513373,6.128860083873428,2.257131256024722,0.12251843448667045,6.771393768074166,0.2927337613142524,0.7309130934629038,2.742530949910443,"[""ModellingDescriptiveMessagesTest"", ""Mockito"", ""IMethods""]","[0.11627906976744186, 0.02134959969500572, 0.01020986954055587]","[6.128860083873428, 0.5200152497140679, 0.12251843448667045]"
org.mockitousage.stacktrace.ModellingDescriptiveMessagesTest.shouldSayTooLittleInvocations,0.11627906976744186,0.04927951300100115,0.01020986954055587,0.14783853900300345,0.01955878890737258,0.029374500655295437,0.04759361898513373,6.128860083873428,2.257131256024722,0.12251843448667045,6.771393768074166,0.2927337613142524,0.7309130934629038,2.742530949910443,"[""ModellingDescriptiveMessagesTest"", ""Mockito"", ""IMethods""]","[0.11627906976744186, 0.02134959969500572, 0.01020986954055587]","[6.128860083873428, 0.5200152497140679, 0.12251843448667045]"
org.mockitousage.stacktrace.ModellingDescriptiveMessagesTest.shouldSayUnstubbedMethodWasInvokedHere,0.11627906976744186,0.04927951300100115,0.01020986954055587,0.14783853900300345,0.01955878890737258,0.029374500655295437,0.04759361898513373,6.128860083873428,2.257131256024722,0.12251843448667045,6.771393768074166,0.2927337613142524,0.7309130934629038,2.742530949910443,"[""ModellingDescriptiveMessagesTest"", ""IMethods"", ""Mockito""]","[0.11627906976744186, 0.02134959969500572, 0.01020986954055587]","[6.128860083873428, 0.5200152497140679, 0.12251843448667045]"
org.mockitousage.stacktrace.ModellingDescriptiveMessagesTest.shouldPointOutInteractionsOnMockWhenOrdinaryVerificationFails,0.11627906976744186,0.04927951300100115,0.01020986954055587,0.14783853900300345,0.01955878890737258,0.029374500655295437,0.04759361898513373,6.128860083873428,2.257131256024722,0.12251843448667045,6.771393768074166,0.2927337613142524,0.7309130934629038,2.742530949910443,"[""ModellingDescriptiveMessagesTest"", ""Mockito"", ""IMethods""]","[0.11627906976744186, 0.02134959969500572, 0.01020986954055587]","[6.128860083873428, 0.5200152497140679, 0.12251843448667045]"
org.mockitousage.stacktrace.ModellingDescriptiveMessagesTest.shouldShowActualAndExpected,0.11627906976744186,0.04927951300100115,0.01020986954055587,0.14783853900300345,0.01955878890737258,0.029374500655295437,0.04759361898513373,6.128860083873428,2.257131256024722,0.12251843448667045,6.771393768074166,0.2927337613142524,0.7309130934629038,2.742530949910443,"[""ModellingDescriptiveMessagesTest"", ""Mockito"", ""IMethods""]","[0.11627906976744186, 0.02134959969500572, 0.01020986954055587]","[6.128860083873428, 0.5200152497140679, 0.12251843448667045]"
org.mockitousage.stacktrace.ModellingDescriptiveMessagesTest.shouldMentionFinalAndObjectMethodsWhenVerifying,0.11627906976744186,0.04927951300100115,0.01020986954055587,0.14783853900300345,0.01955878890737258,0.029374500655295437,0.04759361898513373,6.128860083873428,2.257131256024722,0.12251843448667045,6.771393768074166,0.2927337613142524,0.7309130934629038,2.742530949910443,"[""ModellingDescriptiveMessagesTest"", ""IMethods"", ""Mockito""]","[0.11627906976744186, 0.02134959969500572, 0.01020986954055587]","[6.128860083873428, 0.5200152497140679, 0.12251843448667045]"
org.mockitousage.stacktrace.ModellingDescriptiveMessagesTest.shouldSayNoMoreInteractions,0.11627906976744186,0.04927951300100115,0.01020986954055587,0.14783853900300345,0.01955878890737258,0.029374500655295437,0.04759361898513373,6.128860083873428,2.257131256024722,0.12251843448667045,6.771393768074166,0.2927337613142524,0.7309130934629038,2.742530949910443,"[""ModellingDescriptiveMessagesTest"", ""Mockito"", ""IMethods""]","[0.11627906976744186, 0.02134959969500572, 0.01020986954055587]","[6.128860083873428, 0.5200152497140679, 0.12251843448667045]"
org.mockitousage.stacktrace.ModellingDescriptiveMessagesTest.shouldSayWantedButNotInvoked,0.11627906976744186,0.04927951300100115,0.01020986954055587,0.14783853900300345,0.01955878890737258,0.029374500655295437,0.04759361898513373,6.128860083873428,2.257131256024722,0.12251843448667045,6.771393768074166,0.2927337613142524,0.7309130934629038,2.742530949910443,"[""ModellingDescriptiveMessagesTest"", ""IMethods"", ""Mockito""]","[0.11627906976744186, 0.02134959969500572, 0.01020986954055587]","[6.128860083873428, 0.5200152497140679, 0.12251843448667045]"
org.mockitousage.stacktrace.ModellingDescriptiveMessagesTest.shouldSayTooManyInvocations,0.11627906976744186,0.04927951300100115,0.01020986954055587,0.14783853900300345,0.01955878890737258,0.029374500655295437,0.04759361898513373,6.128860083873428,2.257131256024722,0.12251843448667045,6.771393768074166,0.2927337613142524,0.7309130934629038,2.742530949910443,"[""ModellingDescriptiveMessagesTest"", ""Mockito"", ""IMethods""]","[0.11627906976744186, 0.02134959969500572, 0.01020986954055587]","[6.128860083873428, 0.5200152497140679, 0.12251843448667045]"
org.mockitousage.stacktrace.ModellingDescriptiveMessagesTest.shouldPointOutUnfinishedStubbing,0.11627906976744186,0.04927951300100115,0.01020986954055587,0.14783853900300345,0.01955878890737258,0.029374500655295437,0.04759361898513373,6.128860083873428,2.257131256024722,0.12251843448667045,6.771393768074166,0.2927337613142524,0.7309130934629038,2.742530949910443,"[""ModellingDescriptiveMessagesTest"", ""Mockito"", ""IMethods""]","[0.11627906976744186, 0.02134959969500572, 0.01020986954055587]","[6.128860083873428, 0.5200152497140679, 0.12251843448667045]"
org.mockitousage.bugs.ListenersLostOnResetMockTest.listener,0.11627906976744186,0.03688952451527715,0.002819548872180451,0.1475580980611086,0.005323834935765396,0.012452286791879963,0.04676722802543531,6.128860083873428,1.7054931107531455,0.016917293233082706,6.821972443012582,0.04983545697102299,0.2404048564390059,2.5652092633586885,"[""Mockito"", ""ListenersLostOnResetMockTest"", ""MockSettings"", ""InvocationListener"", ""List""]","[0.11627906976744186, 0.025594149908592323, 0.0028653295128939827, 0.002819548872180451]","[6.128860083873428, 0.6246191346739792, 0.05157593123209169, 0.016917293233082706]"
org.mockitousage.annotation.SpyAnnotationTest.should_init_spy_and_automatically_create_instance,0.11627906976744186,0.049136789832965044,0.01529051987767584,0.14741036949889513,0.0218773373223635,0.030425200785260256,0.04747729290661001,6.128860083873428,2.427914039854024,0.37124289195775795,7.283742119562072,0.7258800395466225,1.212601194816134,2.6223741002732983,"[""Object"", ""SpyAnnotationTest"", ""OngoingStubbing"", ""Mockito""]","[0.11627906976744186, 0.015840779853777416, 0.01529051987767584]","[6.128860083873428, 0.37124289195775795, 0.7836391437308868]"
org.mockitousage.basicapi.MockingMultipleInterfacesTest.should_allow_multiple_interfaces,0.11627906976744186,0.04911922679024417,0.005484460694698354,0.14735768037073252,0.013043208215150823,0.025366393710353326,0.04819359073300956,6.128860083873428,2.3118950635052395,0.182205971968312,6.935685190515719,0.41365432086225074,0.8868548243224718,2.7050383640741646,"[""MockingMultipleInterfacesTest"", ""MockSettings"", ""Mockito""]","[0.11627906976744186, 0.025594149908592323, 0.005484460694698354]","[6.128860083873428, 0.6246191346739792, 0.182205971968312]"
org.mockitousage.stacktrace.ClickableStackTracesWhenFrameworkMisusedTest.shouldPointOutUnfinishedStubbing,0.11627906976744186,0.03683102300744162,0.003431185665268776,0.14732409202976648,0.007897021360061084,0.015198506704521964,0.04637225503750701,6.128860083873428,1.6761853265792268,0.013724742661075104,6.704741306316907,0.04053628538903798,0.20720574916617987,2.578609947399322,"[""ClickableStackTracesWhenFrameworkMisusedTest"", ""Mockito"", ""UnfinishedStubbingException"", ""IMethods""]","[0.11627906976744186, 0.02134959969500572, 0.006264236902050114, 0.003431185665268776]","[6.128860083873428, 0.5200152497140679, 0.04214123006833713, 0.013724742661075104]"
org.mockitousage.stacktrace.ModellingDescriptiveMessagesTest.shouldMentionSpiesWhenVoidMethodIsToldToReturnValue,0.11627906976744186,0.04904000242305426,0.01020986954055587,0.14712000726916277,0.019352961762089275,0.029041195054102884,0.04773516856670593,6.128860083873428,2.1986795708449516,0.12251843448667045,6.596038712534855,0.26722229983390006,0.6372709056303612,2.7805366255564063,"[""ModellingDescriptiveMessagesTest"", ""Stubber"", ""List"", ""Mockito""]","[0.11627906976744186, 0.02063106796116505, 0.01020986954055587]","[6.128860083873428, 0.3446601941747573, 0.12251843448667045]"
org.mockitousage.misuse.CleaningUpPotentialStubbingTest.shouldResetOngoingStubbingOnInOrder,0.11627906976744186,0.03673098000246872,0.0037373198077949813,0.1469239200098749,0.007953333162176439,0.015069233749435576,0.04643497081619589,6.128860083873428,1.6902850825434625,0.040188114578879865,6.76114033017385,0.09793543340292261,0.3099719192965219,2.5696253281378234,"[""CleaningUpPotentialStubbingTest"", ""Mockito"", ""InOrder"", ""IMethods""]","[0.11627906976744186, 0.02134959969500572, 0.0055579307396323215, 0.0037373198077949813]","[6.128860083873428, 0.5200152497140679, 0.040188114578879865, 0.07207688200747464]"
org.mockitousage.basicapi.ResetTest.shouldResetMultipleMocks,0.11627906976744186,0.04889794175660434,0.009065155807365438,0.14669382526981303,0.018099352517210544,0.028232901916783373,0.04790886625957524,6.128860083873428,2.2971227504781737,0.2424929178470255,6.891368251434521,0.4830906375291993,0.917694823551753,2.7118152475506707,"[""ResetTest"", ""Mockito"", ""IMethods""]","[0.11627906976744186, 0.02134959969500572, 0.009065155807365438]","[6.128860083873428, 0.5200152497140679, 0.2424929178470255]"
org.mockitousage.basicapi.ResetTest.shouldMaintainPreviousDefaultAnswer,0.11627906976744186,0.04889794175660434,0.009065155807365438,0.14669382526981303,0.018099352517210544,0.028232901916783373,0.04790886625957524,6.128860083873428,2.2971227504781737,0.2424929178470255,6.891368251434521,0.4830906375291993,0.917694823551753,2.7118152475506707,"[""ResetTest"", ""IMethods"", ""Mockito""]","[0.11627906976744186, 0.02134959969500572, 0.009065155807365438]","[6.128860083873428, 0.5200152497140679, 0.2424929178470255]"
org.mockitousage.basicapi.ResetTest.shouldRemoveAllInteractions,0.11627906976744186,0.04889794175660434,0.009065155807365438,0.14669382526981303,0.018099352517210544,0.028232901916783373,0.04790886625957524,6.128860083873428,2.2971227504781737,0.2424929178470255,6.891368251434521,0.4830906375291993,0.917694823551753,2.7118152475506707,"[""ResetTest"", ""Mockito"", ""IMethods""]","[0.11627906976744186, 0.02134959969500572, 0.009065155807365438]","[6.128860083873428, 0.5200152497140679, 0.2424929178470255]"
org.mockitousage.basicapi.MocksCreationTest.shouldScreamWhenSpyCreatedWithWrongType,0.11627906976744186,0.04888140401414879,0.004770992366412214,0.14664421204244638,0.011660836248542396,0.0242149546442801,0.04840960637622159,6.128860083873428,2.2753327675056245,0.07251908396946564,6.825998302516873,0.19288124481562896,0.6523526540698724,2.7341614436595383,"[""MocksCreationTest"", ""MockSettings"", ""LinkedList"", ""Mockito""]","[0.11627906976744186, 0.025594149908592323, 0.004770992366412214]","[6.128860083873428, 0.6246191346739792, 0.07251908396946564]"
org.mockitousage.basicapi.MocksCreationTest.shouldAllowCreatingSpiesWithCorrectType,0.11627906976744186,0.04888140401414879,0.004770992366412214,0.14664421204244638,0.011660836248542396,0.0242149546442801,0.04840960637622159,6.128860083873428,2.2753327675056245,0.07251908396946564,6.825998302516873,0.19288124481562896,0.6523526540698724,2.7341614436595383,"[""MocksCreationTest"", ""MockSettings"", ""LinkedList"", ""Mockito""]","[0.11627906976744186, 0.025594149908592323, 0.004770992366412214]","[6.128860083873428, 0.6246191346739792, 0.07251908396946564]"
org.mockitousage.verification.FindingRedundantInvocationsInOrderTest.shouldFailToVerifyNoMoreInteractionsInOrderWithMultipleMocks,0.11627906976744186,0.03658467211513779,0.0031520882584712374,0.14633868846055115,0.007238346932576489,0.014441113994969203,0.04653950148133782,6.128860083873428,1.6864502592047146,0.040188114578879865,6.745801036818858,0.0896978403644852,0.2919719115410097,2.5720477308491523,"[""Mockito"", ""FindingRedundantInvocationsInOrderTest"", ""InOrder"", ""IMethods""]","[0.11627906976744186, 0.02134959969500572, 0.0055579307396323215, 0.0031520882584712374]","[6.128860083873428, 0.5200152497140679, 0.040188114578879865, 0.05673758865248227]"
org.mockitousage.verification.FindingRedundantInvocationsInOrderTest.shouldFailToVerifyNoMoreInteractionsInOrder,0.11627906976744186,0.03658467211513779,0.0031520882584712374,0.14633868846055115,0.007238346932576489,0.014441113994969203,0.04653950148133782,6.128860083873428,1.6864502592047146,0.040188114578879865,6.745801036818858,0.0896978403644852,0.2919719115410097,2.5720477308491523,"[""Mockito"", ""FindingRedundantInvocationsInOrderTest"", ""InOrder"", ""IMethods""]","[0.11627906976744186, 0.02134959969500572, 0.0055579307396323215, 0.0031520882584712374]","[6.128860083873428, 0.5200152497140679, 0.040188114578879865, 0.05673758865248227]"
org.mockitousage.verification.FindingRedundantInvocationsInOrderTest.shouldVerifyNoMoreInteractionsInOrder,0.11627906976744186,0.03658467211513779,0.0031520882584712374,0.14633868846055115,0.007238346932576489,0.014441113994969203,0.04653950148133782,6.128860083873428,1.6864502592047146,0.040188114578879865,6.745801036818858,0.0896978403644852,0.2919719115410097,2.5720477308491523,"[""Mockito"", ""FindingRedundantInvocationsInOrderTest"", ""InOrder"", ""IMethods""]","[0.11627906976744186, 0.02134959969500572, 0.0055579307396323215, 0.0031520882584712374]","[6.128860083873428, 0.5200152497140679, 0.040188114578879865, 0.05673758865248227]"
org.mockitousage.verification.FindingRedundantInvocationsInOrderTest.shouldVerifyNoMoreInteractionsInOrderWithMultipleMocks,0.11627906976744186,0.03658467211513779,0.0031520882584712374,0.14633868846055115,0.007238346932576489,0.014441113994969203,0.04653950148133782,6.128860083873428,1.6864502592047146,0.040188114578879865,6.745801036818858,0.0896978403644852,0.2919719115410097,2.5720477308491523,"[""Mockito"", ""FindingRedundantInvocationsInOrderTest"", ""InOrder"", ""IMethods""]","[0.11627906976744186, 0.02134959969500572, 0.0055579307396323215, 0.0031520882584712374]","[6.128860083873428, 0.5200152497140679, 0.040188114578879865, 0.05673758865248227]"
org.mockitousage.basicapi.UsingVarargsTest.shouldStubCorrectlyWhenDoubleStringAndMixedVarargsUsed,0.11627906976744186,0.04876355513353805,0.014170815779394868,0.14629066540061414,0.021082846968433683,0.02966363166308332,0.047745545915914796,6.128860083873428,2.2550451768026587,0.2650325545767905,6.765135530407976,0.45249291019889315,0.8448488661717741,2.739543953486228,"[""UsingVarargsTest"", ""UsingVarargsTest$MixedVarargs"", ""OngoingStubbing"", ""Mockito""]","[0.11627906976744186, 0.015840779853777416, 0.014170815779394868]","[6.128860083873428, 0.37124289195775795, 0.2650325545767905]"
org.mockitousage.basicapi.UsingVarargsTest.shouldStubCorrectlyWhenMixedVarargsUsed,0.11627906976744186,0.04876355513353805,0.014170815779394868,0.14629066540061414,0.021082846968433683,0.02966363166308332,0.047745545915914796,6.128860083873428,2.2550451768026587,0.2650325545767905,6.765135530407976,0.45249291019889315,0.8448488661717741,2.739543953486228,"[""UsingVarargsTest"", ""UsingVarargsTest$MixedVarargs"", ""OngoingStubbing"", ""Mockito""]","[0.11627906976744186, 0.015840779853777416, 0.014170815779394868]","[6.128860083873428, 0.37124289195775795, 0.2650325545767905]"
org.mockitousage.basicapi.UsingVarargsTest.shouldStubBooleanVarargs,0.11627906976744186,0.04876355513353805,0.014170815779394868,0.14629066540061414,0.021082846968433683,0.02966363166308332,0.047745545915914796,6.128860083873428,2.2550451768026587,0.2650325545767905,6.765135530407976,0.45249291019889315,0.8448488661717741,2.739543953486228,"[""OngoingStubbing"", ""Mockito"", ""UsingVarargsTest$IVarArgs"", ""UsingVarargsTest"", ""Boolean""]","[0.11627906976744186, 0.015840779853777416, 0.014170815779394868]","[6.128860083873428, 0.37124289195775795, 0.2650325545767905]"
org.mockitousage.basicapi.UsingVarargsTest.shouldMatchEasilyEmptyVararg,0.11627906976744186,0.04876355513353805,0.014170815779394868,0.14629066540061414,0.021082846968433683,0.02966363166308332,0.047745545915914796,6.128860083873428,2.2550451768026587,0.2650325545767905,6.765135530407976,0.45249291019889315,0.8448488661717741,2.739543953486228,"[""OngoingStubbing"", ""Mockito"", ""UsingVarargsTest$IVarArgs"", ""UsingVarargsTest"", ""Integer""]","[0.11627906976744186, 0.015840779853777416, 0.014170815779394868]","[6.128860083873428, 0.37124289195775795, 0.2650325545767905]"
org.mockitousage.stubbing.StubbingUsingDoReturnTest.shouldScreamWhenNotAMockPassed,0.11627906976744186,0.04867282635057111,0.009108341323106424,0.14601847905171333,0.017979137520919997,0.02795680378937216,0.048035725725753604,6.128860083873428,2.20913443592338,0.1538830297219559,6.627403307770141,0.3137086509214988,0.6875757024659761,2.772758656166241,"[""Exception"", ""String"", ""StubbingUsingDoReturnTest"", ""Mockito"", ""Stubber""]","[0.11627906976744186, 0.02063106796116505, 0.009108341323106424]","[6.128860083873428, 0.3446601941747573, 0.1538830297219559]"
org.mockitousage.stubbing.StubbingUsingDoReturnTest.shouldScreamWhenNullPassed,0.11627906976744186,0.04867282635057111,0.009108341323106424,0.14601847905171333,0.017979137520919997,0.02795680378937216,0.048035725725753604,6.128860083873428,2.20913443592338,0.1538830297219559,6.627403307770141,0.3137086509214988,0.6875757024659761,2.772758656166241,"[""Exception"", ""Object"", ""StubbingUsingDoReturnTest"", ""Mockito"", ""Stubber""]","[0.11627906976744186, 0.02063106796116505, 0.009108341323106424]","[6.128860083873428, 0.3446601941747573, 0.1538830297219559]"
org.mockitousage.stubbing.StubbingWithThrowablesTest.shouldShowDecentMessageWhenExcepionIsNaughty,0.11627906976744186,0.048614864094098126,0.013724742661075104,0.14584459228229438,0.020748420962407525,0.029349053896858605,0.047853616724365056,6.128860083873428,2.254768090685627,0.26420129622569577,6.764304272056881,0.45168413613313396,0.8439646689002425,2.7397452502700057,"[""OngoingStubbing"", ""Mockito"", ""LinkedList"", ""StubbingWithThrowablesTest"", ""Boolean""]","[0.11627906976744186, 0.015840779853777416, 0.013724742661075104]","[6.128860083873428, 0.37124289195775795, 0.26420129622569577]"
org.mockitousage.stubbing.StubbingWithThrowablesTest.shouldNotAllowSettingNullThrowable,0.11627906976744186,0.048614864094098126,0.013724742661075104,0.14584459228229438,0.020748420962407525,0.029349053896858605,0.047853616724365056,6.128860083873428,2.254768090685627,0.26420129622569577,6.764304272056881,0.45168413613313396,0.8439646689002425,2.7397452502700057,"[""OngoingStubbing"", ""Mockito"", ""LinkedList"", ""StubbingWithThrowablesTest"", ""Boolean""]","[0.11627906976744186, 0.015840779853777416, 0.013724742661075104]","[6.128860083873428, 0.37124289195775795, 0.26420129622569577]"
org.mockitousage.stubbing.StubbingWithThrowablesTest.shouldAllowSettingCheckedException,0.11627906976744186,0.048614864094098126,0.013724742661075104,0.14584459228229438,0.020748420962407525,0.029349053896858605,0.047853616724365056,6.128860083873428,2.254768090685627,0.26420129622569577,6.764304272056881,0.45168413613313396,0.8439646689002425,2.7397452502700057,"[""OngoingStubbing"", ""Mockito"", ""StubbingWithThrowablesTest"", ""Integer"", ""IOException"", ""Reader""]","[0.11627906976744186, 0.015840779853777416, 0.013724742661075104]","[6.128860083873428, 0.37124289195775795, 0.26420129622569577]"
org.mockitousage.stubbing.StubbingWithThrowablesTest.shouldNotAllowSettingNullThrowableArray,0.11627906976744186,0.048614864094098126,0.013724742661075104,0.14584459228229438,0.020748420962407525,0.029349053896858605,0.047853616724365056,6.128860083873428,2.254768090685627,0.26420129622569577,6.764304272056881,0.45168413613313396,0.8439646689002425,2.7397452502700057,"[""OngoingStubbing"", ""Mockito"", ""LinkedList"", ""StubbingWithThrowablesTest"", ""Boolean""]","[0.11627906976744186, 0.015840779853777416, 0.013724742661075104]","[6.128860083873428, 0.37124289195775795, 0.26420129622569577]"
org.mockitousage.stubbing.StubbingWithThrowablesTest.shouldNotAllowSettingInvalidCheckedException,0.11627906976744186,0.048614864094098126,0.013724742661075104,0.14584459228229438,0.020748420962407525,0.029349053896858605,0.047853616724365056,6.128860083873428,2.254768090685627,0.26420129622569577,6.764304272056881,0.45168413613313396,0.8439646689002425,2.7397452502700057,"[""Exception"", ""OngoingStubbing"", ""Mockito"", ""LinkedList"", ""StubbingWithThrowablesTest"", ""Boolean""]","[0.11627906976744186, 0.015840779853777416, 0.013724742661075104]","[6.128860083873428, 0.37124289195775795, 0.26420129622569577]"
org.mockitousage.stubbing.StubbingWithThrowablesTest.shouldAllowSettingError,0.11627906976744186,0.048614864094098126,0.013724742661075104,0.14584459228229438,0.020748420962407525,0.029349053896858605,0.047853616724365056,6.128860083873428,2.254768090685627,0.26420129622569577,6.764304272056881,0.45168413613313396,0.8439646689002425,2.7397452502700057,"[""OngoingStubbing"", ""Mockito"", ""LinkedList"", ""StubbingWithThrowablesTest"", ""Error"", ""Boolean""]","[0.11627906976744186, 0.015840779853777416, 0.013724742661075104]","[6.128860083873428, 0.37124289195775795, 0.26420129622569577]"
org.mockitousage.stubbing.StubbingWithThrowablesTest.shouldStubWithThrowable,0.11627906976744186,0.048614864094098126,0.013724742661075104,0.14584459228229438,0.020748420962407525,0.029349053896858605,0.047853616724365056,6.128860083873428,2.254768090685627,0.26420129622569577,6.764304272056881,0.45168413613313396,0.8439646689002425,2.7397452502700057,"[""OngoingStubbing"", ""Mockito"", ""LinkedList"", ""StubbingWithThrowablesTest"", ""Boolean"", ""IllegalArgumentException""]","[0.11627906976744186, 0.015840779853777416, 0.013724742661075104]","[6.128860083873428, 0.37124289195775795, 0.26420129622569577]"
org.mockitousage.stubbing.StubbingWithThrowablesTest.shouldInstantiateExceptionClassOnInteraction,0.11627906976744186,0.048614864094098126,0.013724742661075104,0.14584459228229438,0.020748420962407525,0.029349053896858605,0.047853616724365056,6.128860083873428,2.254768090685627,0.26420129622569577,6.764304272056881,0.45168413613313396,0.8439646689002425,2.7397452502700057,"[""OngoingStubbing"", ""Mockito"", ""LinkedList"", ""StubbingWithThrowablesTest"", ""Boolean""]","[0.11627906976744186, 0.015840779853777416, 0.013724742661075104]","[6.128860083873428, 0.37124289195775795, 0.26420129622569577]"
org.mockitousage.stubbing.StubbingWithThrowablesTest.shouldFailStubbingThrowableOnTheSameInvocationDueToAcceptableLimitation,0.11627906976744186,0.048614864094098126,0.013724742661075104,0.14584459228229438,0.020748420962407525,0.029349053896858605,0.047853616724365056,6.128860083873428,2.254768090685627,0.26420129622569577,6.764304272056881,0.45168413613313396,0.8439646689002425,2.7397452502700057,"[""StubbingWithThrowablesTest$ExceptionOne"", ""OngoingStubbing"", ""Mockito"", ""StubbingWithThrowablesTest$ExceptionTwo"", ""RuntimeException"", ""LinkedList"", ""StubbingWithThrowablesTest""]","[0.11627906976744186, 0.015840779853777416, 0.013724742661075104]","[6.128860083873428, 0.37124289195775795, 0.26420129622569577]"
org.mockitousage.basicapi.MocksSerializationForAnnotationTest.should_serialize_already_serializable_class,0.11627906976744186,0.036436222381143725,0.0025412960609911056,0.1457448895245749,0.007201362719406902,0.015092283781178006,0.046342924837448424,6.128860083873428,1.9227865397715431,0.005082592121982211,7.6911461590861725,0.01995509952109264,0.3422144492592163,2.465706960431576,"[""Object"", ""OngoingStubbing"", ""Mockito"", ""ByteArrayOutputStream"", ""SimpleSerializationUtil"", ""ObjectInputStream"", ""Class"", ""MocksSerializationForAnnotationTest"", ""ObjectOutputStream"", ""ByteArrayInputStream""]","[0.11627906976744186, 0.015840779853777416, 0.011083743842364532, 0.0025412960609911056]","[6.128860083873428, 0.37124289195775795, 1.185960591133005, 0.005082592121982211]"
org.mockitousage.annotation.SpyAnnotationTest.should_allow_spying_on_interfaces_when_instance_is_concrete,0.11627906976744186,0.04857755992462435,0.014163090128755365,0.14573267977387305,0.02074601844090528,0.02931077307084493,0.04787440931372782,6.128860083873428,2.3469418026206084,0.12832618025751072,7.040825407861825,0.3249601156526232,0.8510146411029138,2.6875686886824894,"[""Object"", ""Mockito"", ""SpyAnnotationTest$2WithSpy"", ""SpyAnnotationTest"", ""LinkedList"", ""MockitoAnnotations"", ""List""]","[0.11627906976744186, 0.01529051987767584, 0.014163090128755365]","[6.128860083873428, 0.7836391437308868, 0.12832618025751072]"
org.mockitousage.constructor.CreatingMocksWithConstructorTest.abstract_method_returns_default,0.11627906976744186,0.07279751533974699,0.029315960912052116,0.14559503067949398,0.04682622268470343,0.05838520929304021,0.04348155442769487,6.128860083873428,3.302215058223359,0.4755700325732899,6.604430116446718,0.8826506264231548,1.7072498908258342,2.826645025650069,"[""StringBuilder"", ""CreatingMocksWithConstructorTest"", ""Object"", ""Mockito"", ""CreatingMocksWithConstructorTest$AbstractThing""]","[0.11627906976744186, 0.029315960912052116]","[6.128860083873428, 0.4755700325732899]"
org.mockitousage.constructor.CreatingMocksWithConstructorTest.can_spy_abstract_classes,0.11627906976744186,0.07279751533974699,0.029315960912052116,0.14559503067949398,0.04682622268470343,0.05838520929304021,0.04348155442769487,6.128860083873428,3.302215058223359,0.4755700325732899,6.604430116446718,0.8826506264231548,1.7072498908258342,2.826645025650069,"[""CreatingMocksWithConstructorTest"", ""Object"", ""Mockito"", ""CreatingMocksWithConstructorTest$AbstractMessage""]","[0.11627906976744186, 0.029315960912052116]","[6.128860083873428, 0.4755700325732899]"
org.mockitousage.stubbing.SmartNullsStubbingTest.shouldReturnOrdinaryEmptyValuesForOrdinaryTypes,0.11627906976744186,0.048528743048048405,0.007957559681697613,0.1455862291441452,0.016564889008670272,0.027032760488791805,0.0482176783753838,6.128860083873428,2.24546949669539,0.08753315649867374,6.73640849008617,0.22205074262614882,0.6534155397144396,2.7516421799445787,"[""IMethods"", ""SmartNullsStubbingTest"", ""List"", ""Mockito""]","[0.11627906976744186, 0.02134959969500572, 0.007957559681697613]","[6.128860083873428, 0.5200152497140679, 0.08753315649867374]"
org.mockitousage.stubbing.SmartNullsStubbingTest.shouldNotThrowSmartNullPointerOnToString,0.11627906976744186,0.048528743048048405,0.007957559681697613,0.1455862291441452,0.016564889008670272,0.027032760488791805,0.0482176783753838,6.128860083873428,2.24546949669539,0.08753315649867374,6.73640849008617,0.22205074262614882,0.6534155397144396,2.7516421799445787,"[""Mockito"", ""SmartNullsStubbingTest"", ""IMethods""]","[0.11627906976744186, 0.02134959969500572, 0.007957559681697613]","[6.128860083873428, 0.5200152497140679, 0.08753315649867374]"
org.mockitousage.verification.ExactNumberOfTimesVerificationTest.shouldNotCountInStubbedInvocations,0.11627906976744186,0.048390557679242,0.013051823416506719,0.145171673037726,0.020223012344273147,0.028861336089847523,0.04801792807319986,6.128860083873428,2.2377182664158974,0.21305182341650672,6.713154799247692,0.3973241311675865,0.7855509711332603,2.7522105765143983,"[""OngoingStubbing"", ""Mockito"", ""ExactNumberOfTimesVerificationTest"", ""LinkedList"", ""Boolean""]","[0.11627906976744186, 0.015840779853777416, 0.013051823416506719]","[6.128860083873428, 0.37124289195775795, 0.21305182341650672]"
org.mockitousage.verification.BasicVerificationTest.shouldVerifyStubbedMethods,0.11627906976744186,0.04836070219296711,0.012962256957682043,0.14508210657890133,0.020151097773855847,0.02879516542722784,0.04803991371073248,6.128860083873428,2.22808109106687,0.18414029736942433,6.68424327320061,0.3619927599876774,0.7482767157319504,2.7593247251536175,"[""OngoingStubbing"", ""Mockito"", ""List"", ""Boolean"", ""BasicVerificationTest""]","[0.11627906976744186, 0.015840779853777416, 0.012962256957682043]","[6.128860083873428, 0.37124289195775795, 0.18414029736942433]"
org.mockitousage.basicapi.MocksSerializationTest.should_allow_throws_exception_to_be_serializable,0.11627906976744186,0.03621152829697697,0.0025412960609911056,0.14484611318790788,0.006945763677811551,0.014503854549952126,0.046529597261857195,6.128860083873428,1.7485047113701284,0.005082592121982211,6.994018845480514,0.01896669258621166,0.20921917171877732,2.547086042362585,"[""ThrowsException"", ""RuntimeException"", ""ByteArrayOutputStream"", ""Mockito"", ""MocksSerializationTest"", ""SimpleSerializationUtil"", ""ObjectInputStream"", ""Class"", ""ObjectOutputStream"", ""ByteArrayInputStream""]","[0.11627906976744186, 0.017437961099932932, 0.008587786259541985, 0.0025412960609911056]","[6.128860083873428, 0.7813547954393025, 0.07872137404580153, 0.005082592121982211]"
org.mockitousage.spies.SpyingOnRealObjectsTest.shouldStubWithDoReturnAndVerify,0.11627906976744186,0.04824981073070173,0.007839294463498285,0.1447494321921052,0.016248441862039577,0.0265929639885038,0.048386585132106044,6.128860083873428,2.202589398578531,0.13424791768740812,6.607768195735593,0.2853480608160845,0.6569910668371541,2.7776212187383997,"[""SpyingOnRealObjectsTest"", ""Stubber"", ""List"", ""Mockito""]","[0.11627906976744186, 0.02063106796116505, 0.007839294463498285]","[6.128860083873428, 0.3446601941747573, 0.13424791768740812]"
org.mockitousage.stubbing.DeprecatedStubbingTest.shouldAllowStubbingToString,0.11627906976744186,0.03614089203450072,0.0029940119760479044,0.1445635681380029,0.006219009067537328,0.013082317706927705,0.04684139691718192,6.128860083873428,1.699218971052597,0.016966067864271458,6.796875884210388,0.058258984071317986,0.29012866944776927,2.564245465259839,"[""DeprecatedStubbingTest"", ""DeprecatedOngoingStubbing"", ""IMethods"", ""Mockito""]","[0.11627906976744186, 0.02134959969500572, 0.003940886699507389, 0.0029940119760479044]","[6.128860083873428, 0.5200152497140679, 0.1310344827586207, 0.016966067864271458]"
org.mockitousage.stubbing.DeprecatedStubbingTest.shouldAllowConsecutiveStubbing,0.11627906976744186,0.03614089203450072,0.0029940119760479044,0.1445635681380029,0.006219009067537328,0.013082317706927705,0.04684139691718192,6.128860083873428,1.699218971052597,0.016966067864271458,6.796875884210388,0.058258984071317986,0.29012866944776927,2.564245465259839,"[""DeprecatedStubbingTest"", ""Mockito"", ""DeprecatedOngoingStubbing"", ""IMethods""]","[0.11627906976744186, 0.02134959969500572, 0.003940886699507389, 0.0029940119760479044]","[6.128860083873428, 0.5200152497140679, 0.1310344827586207, 0.016966067864271458]"
org.mockitousage.stubbing.DeprecatedStubbingTest.shouldEvaluateLatestStubbingFirst,0.11627906976744186,0.03614089203450072,0.0029940119760479044,0.1445635681380029,0.006219009067537328,0.013082317706927705,0.04684139691718192,6.128860083873428,1.699218971052597,0.016966067864271458,6.796875884210388,0.058258984071317986,0.29012866944776927,2.564245465259839,"[""Mockito"", ""DeprecatedOngoingStubbing"", ""DeprecatedStubbingTest"", ""Integer"", ""IMethods""]","[0.11627906976744186, 0.02134959969500572, 0.003940886699507389, 0.0029940119760479044]","[6.128860083873428, 0.5200152497140679, 0.1310344827586207, 0.016966067864271458]"
org.mockitousage.stubbing.DeprecatedStubbingTest.shouldStubbingBeTreatedAsInteraction,0.11627906976744186,0.03614089203450072,0.0029940119760479044,0.1445635681380029,0.006219009067537328,0.013082317706927705,0.04684139691718192,6.128860083873428,1.699218971052597,0.016966067864271458,6.796875884210388,0.058258984071317986,0.29012866944776927,2.564245465259839,"[""Mockito"", ""DeprecatedOngoingStubbing"", ""DeprecatedStubbingTest"", ""Boolean"", ""IMethods""]","[0.11627906976744186, 0.02134959969500572, 0.003940886699507389, 0.0029940119760479044]","[6.128860083873428, 0.5200152497140679, 0.1310344827586207, 0.016966067864271458]"
org.mockitousage.stubbing.DeepStubbingTest.verificationMode_only_work_on_the_last_returned_mock,0.11627906976744186,0.03610961956414862,0.0016722408026755853,0.14443847825659448,0.0052379552212388535,0.01345689307133658,0.04656252741012257,6.128860083873428,1.866080447850366,0.003762541806020067,7.464321791401464,0.014832626803457885,0.30112665262405747,2.484663592504146,"[""TooManyActualInvocations"", ""Object"", ""OngoingStubbing"", ""Mockito"", ""DeepStubbingTest$Address"", ""DeepStubbingTest"", ""DeepStubbingTest$Person"", ""DeepStubbingTest$Street""]","[0.11627906976744186, 0.015840779853777416, 0.01064638783269962, 0.0016722408026755853]","[6.128860083873428, 0.37124289195775795, 0.9604562737642586, 0.003762541806020067]"
org.mockitousage.misuse.DescriptiveMessagesOnMisuseTest.shouldScreamWhenWholeMethodPassedToVerify,0.11627906976744186,0.047902565606023566,0.0060790273556231,0.1437076968180707,0.013640127957390837,0.02471203218740884,0.048749751014033706,6.128860083873428,2.248568518345926,0.09683022145028224,6.745705555037778,0.2416716473050738,0.675775180570839,2.7492142352757885,"[""Boolean"", ""Mockito"", ""DescriptiveMessagesOnMisuseTest"", ""IMethods""]","[0.11627906976744186, 0.02134959969500572, 0.0060790273556231]","[6.128860083873428, 0.5200152497140679, 0.09683022145028224]"
org.mockitousage.misuse.DescriptiveMessagesOnMisuseTest.shouldScreamWhenWholeMethodPassedToVerifyNoMoreInteractions,0.11627906976744186,0.047902565606023566,0.0060790273556231,0.1437076968180707,0.013640127957390837,0.02471203218740884,0.048749751014033706,6.128860083873428,2.248568518345926,0.09683022145028224,6.745705555037778,0.2416716473050738,0.675775180570839,2.7492142352757885,"[""Mockito"", ""Byte"", ""DescriptiveMessagesOnMisuseTest"", ""IMethods""]","[0.11627906976744186, 0.02134959969500572, 0.0060790273556231]","[6.128860083873428, 0.5200152497140679, 0.09683022145028224]"
org.mockitousage.stubbing.StubbingWithDelegateTest.calling_method_with_wrong_primitive_return_should_throw_exception,0.11627906976744186,0.0359131902084687,0.006172839506172839,0.1436527608338748,0.010555081930084333,0.016439140008798165,0.046491599618540255,6.128860083873428,1.6713821949811063,0.04327666151468315,6.685528779924425,0.12541785777602357,0.35449086546834624,2.5756175215372004,"[""StubbingWithDelegateTest$FakeListWithWrongMethods"", ""Object"", ""MockitoException"", ""ArrayList"", ""Mockito"", ""AdditionalAnswers"", ""StubbingWithDelegateTest"", ""List""]","[0.11627906976744186, 0.013859275053304905, 0.007341576506955177, 0.006172839506172839]","[6.128860083873428, 0.17697228144989338, 0.04327666151468315, 0.33641975308641975]"
org.mockitousage.stubbing.StubbingWithDelegateTest.calling_method_with_wrong_reference_return_should_throw_exception,0.11627906976744186,0.0359131902084687,0.006172839506172839,0.1436527608338748,0.010555081930084333,0.016439140008798165,0.046491599618540255,6.128860083873428,1.6713821949811063,0.04327666151468315,6.685528779924425,0.12541785777602357,0.35449086546834624,2.5756175215372004,"[""StubbingWithDelegateTest$FakeListWithWrongMethods"", ""Object"", ""MockitoException"", ""ArrayList"", ""Mockito"", ""AdditionalAnswers"", ""StubbingWithDelegateTest"", ""List""]","[0.11627906976744186, 0.013859275053304905, 0.007341576506955177, 0.006172839506172839]","[6.128860083873428, 0.17697228144989338, 0.04327666151468315, 0.33641975308641975]"
org.mockitousage.stubbing.StubbingWithDelegateTest.calling_missing_method_should_throw_exception,0.11627906976744186,0.0359131902084687,0.006172839506172839,0.1436527608338748,0.010555081930084333,0.016439140008798165,0.046491599618540255,6.128860083873428,1.6713821949811063,0.04327666151468315,6.685528779924425,0.12541785777602357,0.35449086546834624,2.5756175215372004,"[""Object"", ""MockitoException"", ""ArrayList"", ""Mockito"", ""AdditionalAnswers"", ""StubbingWithDelegateTest"", ""StubbingWithDelegateTest$FakeList"", ""List""]","[0.11627906976744186, 0.013859275053304905, 0.007341576506955177, 0.006172839506172839]","[6.128860083873428, 0.17697228144989338, 0.04327666151468315, 0.33641975308641975]"
org.mockitousage.stacktrace.StackTraceFilteringTest.shouldFilterStacktraceWhenInOrderVerifies,0.11627906976744186,0.03582673392907212,0.0055579307396323215,0.14330693571628847,0.010404804571522734,0.01631340409617496,0.04652761268991382,6.128860083873428,1.6415015560214874,0.040188114578879865,6.56600622408595,0.1056133104206503,0.2954723321117344,2.592398374597281,"[""StackTraceFilteringTest"", ""StringBuilder"", ""Object"", ""InOrder"", ""String"", ""Mockito"", ""Throwable"", ""StackTraceElement"", ""ExtraMatchers$3"", ""ExtraMatchers""]","[0.11627906976744186, 0.013112225221750868, 0.008357709987463435, 0.0055579307396323215]","[6.128860083873428, 0.29039722329348244, 0.1065608023401588, 0.040188114578879865]"
org.mockitousage.verification.NoMoreInteractionsVerificationTest.shouldStubbingNotRegisterRedundantInteractions,0.11627906976744186,0.047750762413726965,0.011132437619961612,0.1432522872411809,0.018569436447978215,0.027370924024183025,0.04849493996436876,6.128860083873428,2.2008660591222315,0.10249520153550863,6.602598177366694,0.23784284055072344,0.6155270302139757,2.779677334288718,"[""OngoingStubbing"", ""Mockito"", ""LinkedList"", ""NoMoreInteractionsVerificationTest"", ""Boolean""]","[0.11627906976744186, 0.015840779853777416, 0.011132437619961612]","[6.128860083873428, 0.37124289195775795, 0.10249520153550863]"
org.mockitousage.basicapi.MockingDetailsTest.should_handle_non_mocks,0.11627906976744186,0.047639569802360504,0.012,0.1429187094070815,0.018721797292540084,0.027336173807608014,0.04854741765153661,6.128860083873428,2.229271679609461,0.229,6.687815038828383,0.39678910695280933,0.7736715279975228,2.7577334011509023,"[""MockingDetailsTest"", ""MockingDetails"", ""Mockito""]","[0.11627906976744186, 0.01463963963963964, 0.012]","[6.128860083873428, 0.32995495495495497, 0.229]"
org.mockitousage.basicapi.MockingDetailsTest.should_know_mock,0.11627906976744186,0.047639569802360504,0.012,0.1429187094070815,0.018721797292540084,0.027336173807608014,0.04854741765153661,6.128860083873428,2.229271679609461,0.229,6.687815038828383,0.39678910695280933,0.7736715279975228,2.7577334011509023,"[""MockingDetailsTest"", ""MockingDetails"", ""Mockito""]","[0.11627906976744186, 0.01463963963963964, 0.012]","[6.128860083873428, 0.32995495495495497, 0.229]"
org.mockitousage.stubbing.DeepStubbingTest.interactions,0.11627906976744186,0.04758874581797296,0.01064638783269962,0.1427662374539189,0.01810973304174968,0.026966637469751864,0.0486176640075696,6.128860083873428,2.4868530831984814,0.37124289195775795,7.460559249595445,0.7696277080108116,1.2976925676034818,2.5864975477852865,"[""Socket"", ""ByteArrayOutputStream"", ""Mockito"", ""OngoingStubbing"", ""SocketFactory"", ""DeepStubbingTest""]","[0.11627906976744186, 0.015840779853777416, 0.01064638783269962]","[6.128860083873428, 0.37124289195775795, 0.9604562737642586]"
org.mockitousage.stubbing.DeepStubbingTest.withSimplePrimitive,0.11627906976744186,0.04758874581797296,0.01064638783269962,0.1427662374539189,0.01810973304174968,0.026966637469751864,0.0486176640075696,6.128860083873428,2.4868530831984814,0.37124289195775795,7.460559249595445,0.7696277080108116,1.2976925676034818,2.5864975477852865,"[""Socket"", ""OngoingStubbing"", ""Mockito"", ""SocketFactory"", ""DeepStubbingTest"", ""Integer""]","[0.11627906976744186, 0.015840779853777416, 0.01064638783269962]","[6.128860083873428, 0.37124289195775795, 0.9604562737642586]"
org.mockitousage.stubbing.DeepStubbingTest.simpleCase,0.11627906976744186,0.04758874581797296,0.01064638783269962,0.1427662374539189,0.01810973304174968,0.026966637469751864,0.0486176640075696,6.128860083873428,2.4868530831984814,0.37124289195775795,7.460559249595445,0.7696277080108116,1.2976925676034818,2.5864975477852865,"[""Socket"", ""OngoingStubbing"", ""ByteArrayOutputStream"", ""Mockito"", ""DeepStubbingTest""]","[0.11627906976744186, 0.015840779853777416, 0.01064638783269962]","[6.128860083873428, 0.37124289195775795, 0.9604562737642586]"
org.mockitousage.stubbing.DeepStubbingTest.oneLevelDeep,0.11627906976744186,0.04758874581797296,0.01064638783269962,0.1427662374539189,0.01810973304174968,0.026966637469751864,0.0486176640075696,6.128860083873428,2.4868530831984814,0.37124289195775795,7.460559249595445,0.7696277080108116,1.2976925676034818,2.5864975477852865,"[""Socket"", ""ByteArrayOutputStream"", ""Mockito"", ""OngoingStubbing"", ""SocketFactory"", ""DeepStubbingTest""]","[0.11627906976744186, 0.015840779853777416, 0.01064638783269962]","[6.128860083873428, 0.37124289195775795, 0.9604562737642586]"
org.mockitousage.stubbing.DeepStubbingTest.withArguments,0.11627906976744186,0.04758874581797296,0.01064638783269962,0.1427662374539189,0.01810973304174968,0.026966637469751864,0.0486176640075696,6.128860083873428,2.4868530831984814,0.37124289195775795,7.460559249595445,0.7696277080108116,1.2976925676034818,2.5864975477852865,"[""Socket"", ""ByteArrayOutputStream"", ""Mockito"", ""OngoingStubbing"", ""SocketFactory"", ""DeepStubbingTest""]","[0.11627906976744186, 0.015840779853777416, 0.01064638783269962]","[6.128860083873428, 0.37124289195775795, 0.9604562737642586]"
org.mockitousage.verification.VerificationInOrderWithCallsTest.shouldFailToCreateCallsForNonInOrderVerification,0.11627906976744186,0.04751664310165576,0.004921259842519685,0.14254992930496727,0.011599165964733014,0.023031516094481796,0.049082760573701124,6.128860083873428,2.722853457652525,0.5200152497140679,8.168560372957575,1.0932091655577472,1.6919328588991498,2.4427437818272093,"[""ExpectedException"", ""Mockito"", ""VerificationInOrderWithCallsTest"", ""IMethods""]","[0.11627906976744186, 0.02134959969500572, 0.004921259842519685]","[6.128860083873428, 0.5200152497140679, 1.5196850393700787]"
org.mockitousage.stacktrace.ModellingDescriptiveMessagesTest.shouldMentionFinalAndObjectMethodsWhenMissingMockCall,0.11627906976744186,0.047443239720591716,0.01020986954055587,0.14232971916177514,0.017681105396515163,0.02659292446524447,0.04872853654973312,6.128860083873428,2.207540470105952,0.12251843448667045,6.622621410317856,0.27226062340891927,0.6532505203013137,2.77465032018141,"[""String"", ""OngoingStubbing"", ""Mockito"", ""ModellingDescriptiveMessagesTest"", ""Boolean""]","[0.11627906976744186, 0.015840779853777416, 0.01020986954055587]","[6.128860083873428, 0.37124289195775795, 0.12251843448667045]"
org.mockitousage.stacktrace.ModellingDescriptiveMessagesTest.shouldMentionFinalAndObjectMethodsWhenMisplacedArgumentMatcher,0.11627906976744186,0.047443239720591716,0.01020986954055587,0.14232971916177514,0.017681105396515163,0.02659292446524447,0.04872853654973312,6.128860083873428,2.207540470105952,0.12251843448667045,6.622621410317856,0.27226062340891927,0.6532505203013137,2.77465032018141,"[""Object"", ""OngoingStubbing"", ""Mockito"", ""ModellingDescriptiveMessagesTest"", ""Boolean""]","[0.11627906976744186, 0.015840779853777416, 0.01020986954055587]","[6.128860083873428, 0.37124289195775795, 0.12251843448667045]"
org.mockitousage.spies.PartialMockingWithSpiesTest.shouldAllowStubbingWithThrowablesMethodsThatDelegateToOtherMethods,0.11627906976744186,0.04725091758023781,0.004842615012106538,0.14175275274071344,0.01138215011047381,0.022648236989940704,0.04923402046969832,6.128860083873428,2.1832638214962876,0.07627118644067797,6.549791464488863,0.18546358617666586,0.5441397412992773,2.7921085895945454,"[""Exception"", ""Object"", ""RuntimeException"", ""PartialMockingWithSpiesTest$Name"", ""Mockito"", ""PartialMockingWithSpiesTest$InheritMe"", ""Stubber"", ""PartialMockingWithSpiesTest$Person"", ""PartialMockingWithSpiesTest""]","[0.11627906976744186, 0.02063106796116505, 0.004842615012106538]","[6.128860083873428, 0.3446601941747573, 0.07627118644067797]"
org.mockitousage.spies.SpyingOnInterfacesTest.shouldFailInRuntimeWhenCallingRealMethodOnInterface,0.11627906976744186,0.035436623052740424,0.0027835768963117608,0.1417464922109617,0.006931069184066539,0.013686204025594078,0.046912981165269395,6.128860083873428,1.6366222084849693,0.0048712595685455815,6.546488833939877,0.017224270626541107,0.14646032452767446,2.597516380620294,"[""Object"", ""OngoingStubbing"", ""Mockito"", ""SpyingOnInterfacesTest$1"", ""SpyingOnInterfacesTest"", ""InvocationOnMock"", ""List""]","[0.11627906976744186, 0.015840779853777416, 0.006843065693430657, 0.0027835768963117608]","[6.128860083873428, 0.37124289195775795, 0.04151459854014598, 0.0048712595685455815]"
org.mockito.internal.junit.JUnitRuleTest.shouldInjectIntoTestCase,0.11627906976744186,0.04717719833998904,0.010101010101010102,0.14153159501996712,0.017281105990783415,0.02610803219298549,0.04890588496557075,6.128860083873428,2.2289802973180786,0.08080808080808081,6.686940891954236,0.20501044749910305,0.6183016031108352,2.7623773355766503,"[""JUnitRule"", ""Object"", ""Mockito"", ""JUnitRuleTest$InjectTestCase"", ""Statement"", ""JUnitRuleTest$DummyStatement"", ""JUnitRuleTest$InjectTestCase$InjectInto"", ""JUnitRuleTest$InjectTestCase$Injected"", ""JUnitRuleTest""]","[0.11627906976744186, 0.015151515151515152, 0.010101010101010102]","[6.128860083873428, 0.4772727272727273, 0.08080808080808081]"
org.mockitousage.misuse.CleaningUpPotentialStubbingTest.shouldResetOngoingStubbingOnVerify,0.11627906976744186,0.04712199642341419,0.0037373198077949813,0.14136598927024258,0.009287617615514747,0.02101279624305299,0.049427210426645087,6.128860083873428,2.2403174051983235,0.07207688200747464,6.72095221559497,0.1879668970826879,0.6124405332045456,2.7556893049621576,"[""CleaningUpPotentialStubbingTest"", ""Mockito"", ""IMethods""]","[0.11627906976744186, 0.02134959969500572, 0.0037373198077949813]","[6.128860083873428, 0.5200152497140679, 0.07207688200747464]"
org.mockitousage.stubbing.CallingRealMethodTest.shouldExecuteRealMethod,0.11627906976744186,0.04700845468868516,0.00411522633744856,0.14102536406605548,0.009997647612326513,0.021452224254167,0.049443616650193103,6.128860083873428,2.191937682335874,0.10229276895943562,6.575813047007621,0.23363698097183078,0.6000746170534876,2.785582403376063,"[""CallingRealMethodTest"", ""CallingRealMethodTest$TestedObject"", ""Object"", ""Mockito"", ""Stubber""]","[0.11627906976744186, 0.02063106796116505, 0.00411522633744856]","[6.128860083873428, 0.3446601941747573, 0.10229276895943562]"
org.concurrentmockito.ThreadsShareAMockTest.shouldAllowVerifyingInThreads,0.11627906976744186,0.04698680541656392,0.0033317467872441696,0.14096041624969177,0.008436869118045861,0.020223411752205666,0.049546100956620154,6.128860083873428,2.217719669342746,0.004283674440742504,6.653159008028238,0.01273719699417895,0.23900340114412089,2.7735968549959216,"[""Thread"", ""Mockito"", ""ThreadsShareAMockTest"", ""ThreadsShareAMockTest$1"", ""IMethods""]","[0.11627906976744186, 0.02134959969500572, 0.0033317467872441696]","[6.128860083873428, 0.5200152497140679, 0.004283674440742504]"
org.mockitousage.bugs.ParentClassNotPublicTest.hints_that_parent_not_public_during_stubbing,0.11627906976744186,0.0352188437381848,0.0038535645472061657,0.1408753749527392,0.007473447702633433,0.013657702373053096,0.047034996902809434,6.128860083873428,1.6437162403875822,0.01348747591522158,6.574864961550329,0.042863415969485896,0.20823901242147333,2.5931386086376524,"[""ParentClassNotPublicTest"", ""Object"", ""OngoingStubbing"", ""Mockito"", ""MissingMethodInvocationException"", ""Boolean"", ""ParentClassNotPublicTest$ClassForMocking"", ""ParentClassNotPublicTest$SuperClass""]","[0.11627906976744186, 0.015840779853777416, 0.004901960784313725, 0.0038535645472061657]","[6.128860083873428, 0.37124289195775795, 0.061274509803921566, 0.01348747591522158]"
org.mockitousage.matchers.MatchersMixedWithRawArgumentsTest.shouldAllowMixingRawArgumentsWithMatchers,0.11627906976744186,0.04694705075090611,0.0032124827902707664,0.14084115225271834,0.008180516735973822,0.019979166445159485,0.04958114828632593,6.128860083873428,2.223787571039797,0.022487379531895366,6.671362713119391,0.06443911976482312,0.41537932744455314,2.768763501790234,"[""MatchersMixedWithRawArgumentsTest"", ""Mockito"", ""Boolean"", ""IMethods""]","[0.11627906976744186, 0.02134959969500572, 0.0032124827902707664]","[6.128860083873428, 0.5200152497140679, 0.022487379531895366]"
org.mockitousage.verification.OrdinaryVerificationPrintsAllInteractionsTest.shouldShowAllInteractionsOnMockWhenOrdinaryVerificationFail,0.11627906976744186,0.0351171131471331,0.0011675423234092236,0.1404684525885324,0.002649113138418527,0.008343834542266303,0.04756033135487886,6.128860083873428,1.6635144417391396,0.0005837711617046118,6.654057766956559,0.002069814074855852,0.054083835525194655,2.5867084337346724,"[""OrdinaryVerificationPrintsAllInteractionsTest"", ""Mockito"", ""WantedButNotInvoked"", ""IMethods""]","[0.11627906976744186, 0.02134959969500572, 0.0016722408026755853, 0.0011675423234092236]","[6.128860083873428, 0.5200152497140679, 0.00459866220735786, 0.0005837711617046118]"
org.mockitousage.verification.OrdinaryVerificationPrintsAllInteractionsTest.shouldNotShowAllInteractionsOnDifferentMock,0.11627906976744186,0.0351171131471331,0.0011675423234092236,0.1404684525885324,0.002649113138418527,0.008343834542266303,0.04756033135487886,6.128860083873428,1.6635144417391396,0.0005837711617046118,6.654057766956559,0.002069814074855852,0.054083835525194655,2.5867084337346724,"[""OrdinaryVerificationPrintsAllInteractionsTest"", ""Mockito"", ""WantedButNotInvoked"", ""IMethods""]","[0.11627906976744186, 0.02134959969500572, 0.0016722408026755853, 0.0011675423234092236]","[6.128860083873428, 0.5200152497140679, 0.00459866220735786, 0.0005837711617046118]"
org.mockitousage.verification.OrdinaryVerificationPrintsAllInteractionsTest.shouldNotShowAllInteractionsHeaderWhenNoOtherInteractions,0.11627906976744186,0.0351171131471331,0.0011675423234092236,0.1404684525885324,0.002649113138418527,0.008343834542266303,0.04756033135487886,6.128860083873428,1.6635144417391396,0.0005837711617046118,6.654057766956559,0.002069814074855852,0.054083835525194655,2.5867084337346724,"[""WantedButNotInvoked"", ""IMethods"", ""OrdinaryVerificationPrintsAllInteractionsTest"", ""Mockito""]","[0.11627906976744186, 0.02134959969500572, 0.0016722408026755853, 0.0011675423234092236]","[6.128860083873428, 0.5200152497140679, 0.00459866220735786, 0.0005837711617046118]"
org.mockitousage.configuration.CustomizedAnnotationForSmartMockTest.shouldUseCustomAnnotation,0.11627906976744186,0.0467298296415585,0.002560819462227913,0.1401894889246755,0.006727373201028327,0.018524937396282547,0.04977333400677344,6.128860083873428,2.225681449224001,0.028169014084507043,6.677044347672003,0.07981656449430112,0.44777084352842433,2.7672586640167394,"[""Mockito"", ""CustomizedAnnotationForSmartMockTest"", ""IMethods""]","[0.11627906976744186, 0.02134959969500572, 0.002560819462227913]","[6.128860083873428, 0.5200152497140679, 0.028169014084507043]"
org.mockitousage.stubbing.CloningParameterTest.shouldReturnDefaultValueWithCloningAnswer,0.11627906976744186,0.035044614419956835,0.002197802197802198,0.14017845767982734,0.005735974210177494,0.012410978164647625,0.047165749630485004,6.128860083873428,1.6400440589761114,0.002197802197802198,6.5601762359044455,0.00841865468399407,0.13043081990866798,2.5954346240058523,"[""CloningParameterTest$Person"", ""CloningParameterTest$EmailSender"", ""CloningParameterTest"", ""Object"", ""String"", ""OngoingStubbing"", ""Mockito"", ""ClonesArguments""]","[0.11627906976744186, 0.015840779853777416, 0.005860805860805861, 0.002197802197802198]","[6.128860083873428, 0.37124289195775795, 0.05787545787545788, 0.002197802197802198]"
org.mockitousage.spies.SpyingOnRealObjectsTest.shouldAllowOverridingStubs,0.11627906976744186,0.04665304802823919,0.007839294463498285,0.13995914408471757,0.015053386449057312,0.02435108752707261,0.04934128169888884,6.128860083873428,2.2114502978395314,0.13424791768740812,6.634350893518594,0.2911004238522939,0.6734651659958646,2.7717162226369125,"[""OngoingStubbing"", ""Mockito"", ""SpyingOnRealObjectsTest"", ""Boolean"", ""List""]","[0.11627906976744186, 0.015840779853777416, 0.007839294463498285]","[6.128860083873428, 0.37124289195775795, 0.13424791768740812]"
org.mockitousage.spies.SpyingOnRealObjectsTest.shouldStub,0.11627906976744186,0.04665304802823919,0.007839294463498285,0.13995914408471757,0.015053386449057312,0.02435108752707261,0.04934128169888884,6.128860083873428,2.2114502978395314,0.13424791768740812,6.634350893518594,0.2911004238522939,0.6734651659958646,2.7717162226369125,"[""OngoingStubbing"", ""Mockito"", ""SpyingOnRealObjectsTest"", ""Iterator"", ""List""]","[0.11627906976744186, 0.015840779853777416, 0.007839294463498285]","[6.128860083873428, 0.37124289195775795, 0.13424791768740812]"
org.mockitousage.stubbing.StubbingWithCustomAnswerTest.shouldAnswerWithThenAnswerAlias,0.11627906976744186,0.0465796324134223,0.007619047619047619,0.1397388972402669,0.014779911952148457,0.024120867982046247,0.0493991086008312,6.128860083873428,2.221939087181824,0.1657142857142857,6.665817261545471,0.33740849677994844,0.7224358143765678,2.7638842544250872,"[""Object"", ""OngoingStubbing"", ""Mockito"", ""StubbingWithCustomAnswerTest$RecordCall"", ""StubbingWithCustomAnswerTest"", ""Set"", ""Boolean""]","[0.11627906976744186, 0.015840779853777416, 0.007619047619047619]","[6.128860083873428, 0.37124289195775795, 0.1657142857142857]"
org.mockitousage.stubbing.StubbingWithThrowablesTest.shouldLastStubbingVoidBeImportant,0.11627906976744186,0.046522407330642175,0.009563409563409564,0.13956722199192653,0.0161267494991229,0.024805015613978805,0.049354656241187254,6.128860083873428,2.223882552895134,0.26420129622569577,6.671647658685401,0.39799899361884084,0.7669342345421285,2.761242337549456,"[""StubbingWithThrowablesTest$ExceptionOne"", ""RuntimeException"", ""Mockito"", ""StubbingWithThrowablesTest$ExceptionTwo"", ""LinkedList"", ""VoidMethodStubbable"", ""StubbingWithThrowablesTest""]","[0.11627906976744186, 0.013724742661075104, 0.009563409563409564]","[6.128860083873428, 0.26420129622569577, 0.2785862785862786]"
org.mockitousage.stubbing.StubbingWithThrowablesTest.shouldSetThrowableToVoidMethod,0.11627906976744186,0.046522407330642175,0.009563409563409564,0.13956722199192653,0.0161267494991229,0.024805015613978805,0.049354656241187254,6.128860083873428,2.223882552895134,0.26420129622569577,6.671647658685401,0.39799899361884084,0.7669342345421285,2.761242337549456,"[""Mockito"", ""LinkedList"", ""VoidMethodStubbable"", ""StubbingWithThrowablesTest"", ""IllegalArgumentException""]","[0.11627906976744186, 0.013724742661075104, 0.009563409563409564]","[6.128860083873428, 0.26420129622569577, 0.2785862785862786]"
org.mockitousage.bugs.ParentClassNotPublicTest.hints_that_parent_not_public_during_stubbing_start,0.11627906976744186,0.03486669954514854,0.0024449877750611247,0.13946679818059415,0.005841733946465751,0.012189367136601658,0.047273175819966755,6.128860083873428,1.6403443714087769,0.0,6.5613774856351075,0.15643889389269808,0.5185284223242734,2.790098182765345,"[""ParentClassNotPublicTest"", ""CannotStubVoidMethodWithReturnValue"", ""Object"", ""OngoingStubbing"", ""Mockito"", ""Boolean"", ""ParentClassNotPublicTest$ClassForMocking"", ""ParentClassNotPublicTest$SuperClass"", ""List""]","[0.11627906976744186, 0.015840779853777416, 0.004901960784313725, 0.0024449877750611247]","[6.128860083873428, 0.37124289195775795, 0.061274509803921566, 0.0]"
org.mockitousage.misuse.ExplicitFrameworkValidationTest.shouldDetectUnfinishedStubbing,0.11627906976744186,0.04646549834566363,0.0017678255745433118,0.1393964950369909,0.004830093784320979,0.01637232030547952,0.05000874947062764,6.128860083873428,2.218059603437042,0.005303476723629935,6.654178810311126,0.01573632312962758,0.25663673292966704,2.7733256030320756,"[""Mockito"", ""ExplicitFrameworkValidationTest"", ""IMethods""]","[0.11627906976744186, 0.02134959969500572, 0.0017678255745433118]","[6.128860083873428, 0.5200152497140679, 0.005303476723629935]"
org.mockitousage.matchers.CapturingArgumentsTest.should_print_captor_matcher,0.11627906976744186,0.03482801793366847,0.0016722408026755853,0.1393120717346739,0.004894113808538189,0.011849058516927833,0.047236599435559114,6.128860083873428,1.6910535960597453,0.00459866220735786,6.764214384238981,0.017740086761107644,0.218075993719073,2.567180353171069,"[""CapturingArgumentsTest"", ""Mockito"", ""CapturingArgumentsTest$EmailService"", ""WantedButNotInvoked"", ""ArgumentCaptor""]","[0.11627906976744186, 0.014243323442136498, 0.0071174377224199285, 0.0016722408026755853]","[6.128860083873428, 0.4540059347181009, 0.1767497034400949, 0.00459866220735786]"
org.concurrentmockito.ThreadVerifiesContinuoslyInteractingMockTest.shouldAllowVerifyingInThreads,0.11627906976744186,0.04640898820476188,0.0015982951518380393,0.13922696461428563,0.004404601060250398,0.015831282149783056,0.05005929637920017,6.128860083873428,2.2168245429131113,0.0015982951518380393,6.650473628739333,0.004778950826848321,0.17206171852591962,2.774311396845098,"[""RuntimeException"", ""Mockito"", ""Thread"", ""ThreadVerifiesContinuoslyInteractingMockTest"", ""ThreadVerifiesContinuoslyInteractingMockTest$1"", ""IMethods""]","[0.11627906976744186, 0.02134959969500572, 0.0015982951518380393]","[6.128860083873428, 0.5200152497140679, 0.0015982951518380393]"
org.mockitousage.bugs.deepstubs.DeepStubFailingWhenGenericNestedAsRawTypeTest.discoverDeepMockingOfGenerics,0.11627906976744186,0.04638736771411534,0.007042253521126761,0.13916210314234603,0.01403651894330206,0.023496143590619235,0.049551259844998294,6.128860083873428,2.1667009919437286,0.0,6.500102975831186,0.7000799065496929,1.5084083472129284,2.878808595957835,"[""OngoingStubbing"", ""Mockito"", ""DeepStubFailingWhenGenericNestedAsRawTypeTest$MyClass2"", ""DeepStubFailingWhenGenericNestedAsRawTypeTest"", ""DeepStubFailingWhenGenericNestedAsRawTypeTest$MyClass1"", ""DeepStubFailingWhenGenericNestedAsRawTypeTest$MyClass3""]","[0.11627906976744186, 0.015840779853777416, 0.007042253521126761]","[6.128860083873428, 0.37124289195775795, 0.0]"
org.mockitousage.stacktrace.StackTraceFilteringTest.shouldFilterStacktraceWhenInOrderThrowsMockitoException,0.11627906976744186,0.04591633499221872,0.008357709987463435,0.13774900497665615,0.014668871791184295,0.023357252126504493,0.04979181450509421,6.128860083873428,2.175272703169023,0.1065608023401588,6.525818109507069,0.23092847725897767,0.5745438973632079,2.7966156737583217,"[""StackTraceFilteringTest"", ""StringBuilder"", ""Object"", ""String"", ""Mockito"", ""Throwable"", ""StackTraceElement"", ""ExtraMatchers$3"", ""ExtraMatchers""]","[0.11627906976744186, 0.013112225221750868, 0.008357709987463435]","[6.128860083873428, 0.29039722329348244, 0.1065608023401588]"
org.mockitousage.verification.DescriptiveMessagesWhenVerificationFailsTest.test1,0.11627906976744186,0.06882932915560475,0.021379588543767647,0.1376586583112095,0.03611830448412157,0.04985979009061269,0.047449740611837106,6.128860083873428,3.254627702283628,0.38039532069382814,6.509255404567256,0.7163306867500704,1.5268888948095194,2.8742323815898,"[""DescriptiveMessagesWhenVerificationFailsTest"", ""DescriptiveMessagesWhenVerificationFailsTest$AnInterface"", ""Mockito""]","[0.11627906976744186, 0.021379588543767647]","[6.128860083873428, 0.38039532069382814]"
org.mockitousage.verification.DescriptiveMessagesWhenVerificationFailsTest.test2,0.11627906976744186,0.06882932915560475,0.021379588543767647,0.1376586583112095,0.03611830448412157,0.04985979009061269,0.047449740611837106,6.128860083873428,3.254627702283628,0.38039532069382814,6.509255404567256,0.7163306867500704,1.5268888948095194,2.8742323815898,"[""DescriptiveMessagesWhenVerificationFailsTest"", ""DescriptiveMessagesWhenVerificationFailsTest$AnInterface"", ""Mockito""]","[0.11627906976744186, 0.021379588543767647]","[6.128860083873428, 0.38039532069382814]"
org.mockitousage.misuse.SpyStubbingMisuseTest.nestedWhenTest,0.11627906976744186,0.03437820235338406,0.0025303643724696357,0.13751280941353625,0.0049003901464462745,0.010747446349727739,0.04758914366888672,6.128860083873428,1.6546425965708322,0.019230769230769232,6.618570386283329,0.06160125708080657,0.25670045695920635,2.5864839288320356,"[""Object"", ""SpyStubbingMisuseTest"", ""OngoingStubbing"", ""Mockito"", ""WrongTypeOfReturnValue"", ""SpyStubbingMisuseTest$Sample"", ""SpyStubbingMisuseTest$Producer"", ""SpyStubbingMisuseTest$Sampler"", ""SpyStubbingMisuseTest$Strategy""]","[0.11627906976744186, 0.015840779853777416, 0.0028625954198473282, 0.0025303643724696357]","[6.128860083873428, 0.37124289195775795, 0.09923664122137404, 0.019230769230769232]"
org.mockitousage.bugs.MultithreadedStubbingHalfManualTest.tryToRevealTheProblem,0.11627906976744186,0.04570107944184607,0.0049833887043189366,0.13710323832553822,0.011013423197846262,0.0209379563564595,0.05010262983412483,6.128860083873428,2.2256710916115026,0.17691029900332225,6.677013274834508,0.3525513415881569,0.7383523421581301,2.7611114333612226,"[""MultithreadedStubbingHalfManualTest"", ""Object"", ""OngoingStubbing"", ""Mockito"", ""List"", ""MultithreadedStubbingHalfManualTest$ToMock"", ""MultithreadedStubbingHalfManualTest$1"", ""Integer"", ""Thread"", ""Math"", ""Executor""]","[0.11627906976744186, 0.015840779853777416, 0.0049833887043189366]","[6.128860083873428, 0.37124289195775795, 0.17691029900332225]"
org.mockitousage.spies.PartialMockingWithSpiesTest.shouldStub,0.11627906976744186,0.04565415487777527,0.004842615012106538,0.13696246463332581,0.010782515736021897,0.020738914305090186,0.05014079416902388,6.128860083873428,2.192124720757288,0.07627118644067797,6.576374162271864,0.1878766003327578,0.5577840851980679,2.7862957567555275,"[""Object"", ""RuntimeException"", ""OngoingStubbing"", ""PartialMockingWithSpiesTest$Name"", ""Mockito"", ""PartialMockingWithSpiesTest$InheritMe"", ""PartialMockingWithSpiesTest$Person"", ""PartialMockingWithSpiesTest""]","[0.11627906976744186, 0.015840779853777416, 0.004842615012106538]","[6.128860083873428, 0.37124289195775795, 0.07627118644067797]"
org.mockitousage.spies.PartialMockingWithSpiesTest.shouldAllowStubbingOfMethodsThatDelegateToOtherMethods,0.11627906976744186,0.04565415487777527,0.004842615012106538,0.13696246463332581,0.010782515736021897,0.020738914305090186,0.05014079416902388,6.128860083873428,2.192124720757288,0.07627118644067797,6.576374162271864,0.1878766003327578,0.5577840851980679,2.7862957567555275,"[""Object"", ""RuntimeException"", ""OngoingStubbing"", ""Mockito"", ""PartialMockingWithSpiesTest$Name"", ""PartialMockingWithSpiesTest$InheritMe"", ""PartialMockingWithSpiesTest$Person"", ""PartialMockingWithSpiesTest""]","[0.11627906976744186, 0.015840779853777416, 0.004842615012106538]","[6.128860083873428, 0.37124289195775795, 0.07627118644067797]"
org.mockitousage.misuse.DetectingFinalMethodsTest.shouldFailWithUnfinishedStubbing,0.11627906976744186,0.04564165836279475,0.004805125467164976,0.13692497508838425,0.010720437858111494,0.020685258207117446,0.05015096765033364,6.128860083873428,2.1889469431806035,0.06673785371062467,6.56684082954181,0.16815373661687047,0.5335027919890686,2.788711470283061,"[""Object"", ""OngoingStubbing"", ""Mockito"", ""DetectingFinalMethodsTest"", ""Integer"", ""DetectingFinalMethodsTest$WithFinal""]","[0.11627906976744186, 0.015840779853777416, 0.004805125467164976]","[6.128860083873428, 0.37124289195775795, 0.06673785371062467]"
org.mockitousage.basicapi.MocksCreationTest.shouldAllowInlineMockCreation,0.11627906976744186,0.04563028066254383,0.004770992366412214,0.1368908419876315,0.010663701489272499,0.02063616268439663,0.05016023391921217,6.128860083873428,2.1908740199335504,0.07251908396946564,6.5726220598006515,0.1802203327356344,0.5484832734948429,2.7872459116725805,"[""MocksCreationTest"", ""OngoingStubbing"", ""Mockito"", ""Set"", ""Boolean""]","[0.11627906976744186, 0.015840779853777416, 0.004770992366412214]","[6.128860083873428, 0.37124289195775795, 0.07251908396946564]"
org.mockitousage.stubbing.BasicStubbingTest.should_to_string_mock_name,0.11627906976744186,0.06843309187952726,0.020587113991612657,0.13686618375905452,0.034980890069313986,0.048926991161740235,0.0478459778879146,6.128860083873428,3.2178802897445675,0.3069004956157072,6.435760579489135,0.5845308177854521,1.3714773776114866,2.91097979412886,"[""BasicStubbingTest"", ""StringBuilder"", ""Mockito""]","[0.11627906976744186, 0.020587113991612657]","[6.128860083873428, 0.3069004956157072]"
org.mockitousage.stubbing.BasicStubbingTest.should_allow_mocking_when_to_string_is_final,0.11627906976744186,0.06843309187952726,0.020587113991612657,0.13686618375905452,0.034980890069313986,0.048926991161740235,0.0478459778879146,6.128860083873428,3.2178802897445675,0.3069004956157072,6.435760579489135,0.5845308177854521,1.3714773776114866,2.91097979412886,"[""BasicStubbingTest"", ""Mockito""]","[0.11627906976744186, 0.020587113991612657]","[6.128860083873428, 0.3069004956157072]"
org.mockitousage.bugs.CovariantOverrideTest.returnFoo3,0.11627906976744186,0.04557000451854851,0.0045901639344262295,0.13671001355564552,0.01035964015745641,0.020372082887174455,0.05020938173237071,6.128860083873428,2.170635418173237,0.01180327868852459,6.51190625451971,0.034254771865176496,0.29946552888961525,2.8027315351295927,"[""CovariantOverrideTest$ReturnsObject"", ""CovariantOverrideTest"", ""OngoingStubbing"", ""Mockito""]","[0.11627906976744186, 0.015840779853777416, 0.0045901639344262295]","[6.128860083873428, 0.37124289195775795, 0.01180327868852459]"
org.mockitousage.bugs.CovariantOverrideTest.returnFoo2,0.11627906976744186,0.04557000451854851,0.0045901639344262295,0.13671001355564552,0.01035964015745641,0.020372082887174455,0.05020938173237071,6.128860083873428,2.170635418173237,0.01180327868852459,6.51190625451971,0.034254771865176496,0.29946552888961525,2.8027315351295927,"[""CovariantOverrideTest$ReturnsString"", ""CovariantOverrideTest"", ""OngoingStubbing"", ""Mockito""]","[0.11627906976744186, 0.015840779853777416, 0.0045901639344262295]","[6.128860083873428, 0.37124289195775795, 0.01180327868852459]"
org.mockitousage.bugs.CovariantOverrideTest.returnFoo1,0.11627906976744186,0.04557000451854851,0.0045901639344262295,0.13671001355564552,0.01035964015745641,0.020372082887174455,0.05020938173237071,6.128860083873428,2.170635418173237,0.01180327868852459,6.51190625451971,0.034254771865176496,0.29946552888961525,2.8027315351295927,"[""CovariantOverrideTest$ReturnsObject"", ""CovariantOverrideTest"", ""OngoingStubbing"", ""Mockito""]","[0.11627906976744186, 0.015840779853777416, 0.0045901639344262295]","[6.128860083873428, 0.37124289195775795, 0.01180327868852459]"
org.mockitousage.bugs.ShouldMocksCompareToBeConsistentWithEqualsTest.should_allow_stubbing_and_verifying_compare_to,0.11627906976744186,0.045489225236058604,0.004347826086956522,0.1364676757081758,0.009942723116406343,0.02000706687146965,0.05027539864356874,6.128860083873428,2.173947368755323,0.021739130434782608,6.521842106265968,0.061403918631181525,0.36707939517707977,2.800183227098044,"[""OngoingStubbing"", ""Mockito"", ""ShouldMocksCompareToBeConsistentWithEqualsTest"", ""Integer"", ""Date""]","[0.11627906976744186, 0.015840779853777416, 0.004347826086956522]","[6.128860083873428, 0.37124289195775795, 0.021739130434782608]"
org.mockitousage.examples.use.ExampleTest.managerSavesArticlesInTheDatabase,0.11627906976744186,0.027288995139679233,0.004222648752399232,0.13644497569839617,0.006094160440716371,0.009354565826392281,0.044500801420100745,6.128860083873428,1.2535101171917997,0.01689059500959693,6.267550585958999,0.03702524763277584,0.09223598667960138,2.437697606696068,"[""ArticleManager"", ""ArticleDatabase"", ""ExampleTest"", ""Mockito"", ""ArticleCalculator""]","[0.11627906976744186, 0.006346328195829556, 0.0049904030710172746, 0.004606525911708253, 0.004222648752399232]","[6.128860083873428, 0.035811423390752495, 0.04990403071017274, 0.01689059500959693, 0.03608445297504798]"
org.mockitousage.examples.use.ExampleTest.managerCountsArticlesUsingCalculator,0.11627906976744186,0.027288995139679233,0.004222648752399232,0.13644497569839617,0.006094160440716371,0.009354565826392281,0.044500801420100745,6.128860083873428,1.2535101171917997,0.01689059500959693,6.267550585958999,0.03702524763277584,0.09223598667960138,2.437697606696068,"[""Mockito"", ""ArticleManager"", ""ExampleTest"", ""ArticleDatabase"", ""ArticleCalculator""]","[0.11627906976744186, 0.006346328195829556, 0.0049904030710172746, 0.004606525911708253, 0.004222648752399232]","[6.128860083873428, 0.035811423390752495, 0.04990403071017274, 0.01689059500959693, 0.03608445297504798]"
org.mockitousage.stubbing.StubbingWithDelegateTest.when_not_stubbed_delegate_should_be_called,0.11627906976744186,0.04543706144230653,0.006172839506172839,0.1363111843269196,0.012358197604410925,0.021506794367490034,0.05019105451843625,6.128860083873428,2.2140840394699137,0.17697228144989338,6.642252118409742,0.3414429077140718,0.7145876093407019,2.7689299356044312,"[""ArrayList"", ""Mockito"", ""AdditionalAnswers"", ""StubbingWithDelegateTest"", ""List""]","[0.11627906976744186, 0.013859275053304905, 0.006172839506172839]","[6.128860083873428, 0.17697228144989338, 0.33641975308641975]"
org.mockitousage.stubbing.StubbingWithDelegateTest.method_with_subtype_return_can_be_called,0.11627906976744186,0.04543706144230653,0.006172839506172839,0.1363111843269196,0.012358197604410925,0.021506794367490034,0.05019105451843625,6.128860083873428,2.2140840394699137,0.17697228144989338,6.642252118409742,0.3414429077140718,0.7145876093407019,2.7689299356044312,"[""Object"", ""ArrayList"", ""Mockito"", ""AdditionalAnswers"", ""StubbingWithDelegateTest"", ""StubbingWithDelegateTest$FakeList"", ""List""]","[0.11627906976744186, 0.013859275053304905, 0.006172839506172839]","[6.128860083873428, 0.17697228144989338, 0.33641975308641975]"
org.mockitousage.stubbing.StubbingWithDelegateTest.instance_of_different_class_can_be_called,0.11627906976744186,0.04543706144230653,0.006172839506172839,0.1363111843269196,0.012358197604410925,0.021506794367490034,0.05019105451843625,6.128860083873428,2.2140840394699137,0.17697228144989338,6.642252118409742,0.3414429077140718,0.7145876093407019,2.7689299356044312,"[""String"", ""Object"", ""ArrayList"", ""Mockito"", ""AdditionalAnswers"", ""StubbingWithDelegateTest"", ""StubbingWithDelegateTest$FakeList"", ""List""]","[0.11627906976744186, 0.013859275053304905, 0.006172839506172839]","[6.128860083873428, 0.17697228144989338, 0.33641975308641975]"
org.mockitousage.basicapi.MocksSerializationTest.should_be_able_to_serialize_type_that_implements_Serializable_but_but_dont_declare_a_no_arg_constructor,0.11627906976744186,0.0454194423094553,0.0025412960609911056,0.1362583269283659,0.006529600857219394,0.01727232649828533,0.05047304732847747,6.128860083873428,2.305099157144904,0.005082592121982211,6.915297471434712,0.015136761334615606,0.2898040269850722,2.7223164587035815,"[""ByteArrayOutputStream"", ""Mockito"", ""MocksSerializationTest"", ""SimpleSerializationUtil"", ""ObjectInputStream"", ""Class"", ""ObjectOutputStream"", ""ByteArrayInputStream""]","[0.11627906976744186, 0.017437961099932932, 0.0025412960609911056]","[6.128860083873428, 0.7813547954393025, 0.005082592121982211]"
org.mockitousage.stubbing.CallingRealMethodTest.shouldNotCallRealMethodWhenStubbedLater,0.11627906976744186,0.045411691986222615,0.00411522633744856,0.13623507595866785,0.009532034152382194,0.019643729472556687,0.05033892514085965,6.128860083873428,2.200798581596874,0.10229276895943562,6.602395744790622,0.23747932201356278,0.6151215320618689,2.779728274060321,"[""CallingRealMethodTest"", ""CallingRealMethodTest$TestedObject"", ""Object"", ""OngoingStubbing"", ""Mockito""]","[0.11627906976744186, 0.015840779853777416, 0.00411522633744856]","[6.128860083873428, 0.37124289195775795, 0.10229276895943562]"
org.mockitousage.stubbing.CallingRealMethodTest.shouldReturnRealValue,0.11627906976744186,0.045411691986222615,0.00411522633744856,0.13623507595866785,0.009532034152382194,0.019643729472556687,0.05033892514085965,6.128860083873428,2.200798581596874,0.10229276895943562,6.602395744790622,0.23747932201356278,0.6151215320618689,2.779728274060321,"[""CallingRealMethodTest"", ""CallingRealMethodTest$TestedObject"", ""Object"", ""OngoingStubbing"", ""Mockito""]","[0.11627906976744186, 0.015840779853777416, 0.00411522633744856]","[6.128860083873428, 0.37124289195775795, 0.10229276895943562]"
org.mockitousage.stubbing.CallingRealMethodTest.shouldAllowCallingInternalMethod,0.11627906976744186,0.045411691986222615,0.00411522633744856,0.13623507595866785,0.009532034152382194,0.019643729472556687,0.05033892514085965,6.128860083873428,2.200798581596874,0.10229276895943562,6.602395744790622,0.23747932201356278,0.6151215320618689,2.779728274060321,"[""CallingRealMethodTest"", ""CallingRealMethodTest$TestedObject"", ""Object"", ""OngoingStubbing"", ""Mockito""]","[0.11627906976744186, 0.015840779853777416, 0.00411522633744856]","[6.128860083873428, 0.37124289195775795, 0.10229276895943562]"
org.mockitousage.bugs.varargs.VarargsNotPlayingWithAnyObjectTest.shouldStubUsingAnyVarargs,0.11627906976744186,0.04538171717295387,0.0040253018976423235,0.1361451515188616,0.009370409185975736,0.019499591876187765,0.05036352736861166,6.128860083873428,2.1808853891068494,0.0425531914893617,6.542656167320548,0.11382254651627634,0.4591874366423507,2.7948628317786244,"[""VarargsNotPlayingWithAnyObjectTest$VarargMethod"", ""VarargsNotPlayingWithAnyObjectTest"", ""OngoingStubbing"", ""Mockito""]","[0.11627906976744186, 0.015840779853777416, 0.0040253018976423235]","[6.128860083873428, 0.37124289195775795, 0.0425531914893617]"
org.mockitousage.basicapi.MockAccessTest.shouldAllowStubbedMockReferenceAccess,0.11627906976744186,0.04524987122885168,0.003629764065335753,0.13574961368655503,0.008639851128719013,0.018838753693801866,0.05047202202159291,6.128860083873428,2.189084537013299,0.06715063520871144,6.567253611039897,0.16902638165644998,0.5346004579270149,2.7886067662163545,"[""OngoingStubbing"", ""Mockito"", ""MockAccessTest"", ""Set"", ""Boolean""]","[0.11627906976744186, 0.015840779853777416, 0.003629764065335753]","[6.128860083873428, 0.37124289195775795, 0.06715063520871144]"
org.mockitousage.basicapi.MockAccessTest.stubbedMockShouldWorkAsUsual,0.11627906976744186,0.04524987122885168,0.003629764065335753,0.13574961368655503,0.008639851128719013,0.018838753693801866,0.05047202202159291,6.128860083873428,2.189084537013299,0.06715063520871144,6.567253611039897,0.16902638165644998,0.5346004579270149,2.7886067662163545,"[""OngoingStubbing"", ""Mockito"", ""MockAccessTest"", ""Set"", ""Boolean""]","[0.11627906976744186, 0.015840779853777416, 0.003629764065335753]","[6.128860083873428, 0.37124289195775795, 0.06715063520871144]"
org.mockito.verification.NegativeDurationTest.should_throw_exception_when_duration_is_negative_for_timeout_method,0.11627906976744186,0.06775491949910555,0.019230769230769232,0.1355098389982111,0.033003300330033,0.0472877992410959,0.048524150268336314,6.128860083873428,3.064430041936714,0.0,6.128860083873428,6.128860083873428,6.128860083873429,0.0,"[""NegativeDurationTest"", ""Mockito""]","[0.11627906976744186, 0.019230769230769232]","[6.128860083873428, 0.0]"
org.mockito.verification.NegativeDurationTest.should_throw_exception_when_duration_is_negative_for_after_method,0.11627906976744186,0.06775491949910555,0.019230769230769232,0.1355098389982111,0.033003300330033,0.0472877992410959,0.048524150268336314,6.128860083873428,3.064430041936714,0.0,6.128860083873428,6.128860083873428,6.128860083873429,0.0,"[""NegativeDurationTest"", ""Mockito""]","[0.11627906976744186, 0.019230769230769232]","[6.128860083873428, 0.0]"
org.mockitousage.spies.SpyingOnInterfacesTest.shouldFailFastWhenCallingRealMethodOnInterface,0.11627906976744186,0.04496780883917701,0.0027835768963117608,0.13490342651753104,0.006960908844816355,0.01724356705146603,0.050705651155483755,6.128860083873428,2.1683247451332437,0.0048712595685455815,6.5049742353997315,0.014413200344693683,0.22295970203746515,2.804512693298933,"[""OngoingStubbing"", ""SpyingOnInterfacesTest"", ""List"", ""Mockito""]","[0.11627906976744186, 0.015840779853777416, 0.0027835768963117608]","[6.128860083873428, 0.37124289195775795, 0.0048712595685455815]"
org.mockitousage.verification.ExactNumberOfTimesVerificationTest.shouldAllowVerifyingInteractionNeverHappenedInOrder,0.11627906976744186,0.0449629413078603,0.0055579307396323215,0.1348888239235809,0.011314746203245608,0.020356133459891623,0.05052083557444909,6.128860083873428,2.1273666739562715,0.040188114578879865,6.382100021868815,0.1008748034600371,0.3743870901721516,2.8303630624198606,"[""ExactNumberOfTimesVerificationTest"", ""LinkedList"", ""InOrder"", ""Mockito""]","[0.11627906976744186, 0.013051823416506719, 0.0055579307396323215]","[6.128860083873428, 0.21305182341650672, 0.040188114578879865]"
org.mockito.MockitoTest.shouldValidateMockWhenVerifying,0.11627906976744186,0.06739165516128454,0.018504240555127217,0.13478331032256907,0.03192763070373819,0.046385944837883435,0.04888741460615732,6.128860083873428,3.1051008206568373,0.08134155744024672,6.210201641313675,0.1605522826309289,0.7060672946367264,3.0237592632165904,"[""MockitoTest"", ""Mockito""]","[0.11627906976744186, 0.018504240555127217]","[6.128860083873428, 0.08134155744024672]"
org.mockito.MockitoTest.shouldValidateMockWhenStubbingVoid,0.11627906976744186,0.06739165516128454,0.018504240555127217,0.13478331032256907,0.03192763070373819,0.046385944837883435,0.04888741460615732,6.128860083873428,3.1051008206568373,0.08134155744024672,6.210201641313675,0.1605522826309289,0.7060672946367264,3.0237592632165904,"[""MockitoTest"", ""Mockito""]","[0.11627906976744186, 0.018504240555127217]","[6.128860083873428, 0.08134155744024672]"
org.mockito.MockitoTest.shouldValidateMockWhenVerifyingZeroInteractions,0.11627906976744186,0.06739165516128454,0.018504240555127217,0.13478331032256907,0.03192763070373819,0.046385944837883435,0.04888741460615732,6.128860083873428,3.1051008206568373,0.08134155744024672,6.210201641313675,0.1605522826309289,0.7060672946367264,3.0237592632165904,"[""MockitoTest"", ""Mockito""]","[0.11627906976744186, 0.018504240555127217]","[6.128860083873428, 0.08134155744024672]"
org.mockito.MockitoTest.shouldValidateMockWhenCreatingInOrderObject,0.11627906976744186,0.06739165516128454,0.018504240555127217,0.13478331032256907,0.03192763070373819,0.046385944837883435,0.04888741460615732,6.128860083873428,3.1051008206568373,0.08134155744024672,6.210201641313675,0.1605522826309289,0.7060672946367264,3.0237592632165904,"[""MockitoTest"", ""Mockito""]","[0.11627906976744186, 0.018504240555127217]","[6.128860083873428, 0.08134155744024672]"
org.mockito.MockitoTest.shouldValidateMockWhenVerifyingWithExpectedNumberOfInvocations,0.11627906976744186,0.06739165516128454,0.018504240555127217,0.13478331032256907,0.03192763070373819,0.046385944837883435,0.04888741460615732,6.128860083873428,3.1051008206568373,0.08134155744024672,6.210201641313675,0.1605522826309289,0.7060672946367264,3.0237592632165904,"[""MockitoTest"", ""Mockito""]","[0.11627906976744186, 0.018504240555127217]","[6.128860083873428, 0.08134155744024672]"
org.mockito.MockitoTest.shouldValidateMockWhenVerifyingNoMoreInteractions,0.11627906976744186,0.06739165516128454,0.018504240555127217,0.13478331032256907,0.03192763070373819,0.046385944837883435,0.04888741460615732,6.128860083873428,3.1051008206568373,0.08134155744024672,6.210201641313675,0.1605522826309289,0.7060672946367264,3.0237592632165904,"[""MockitoTest"", ""Mockito""]","[0.11627906976744186, 0.018504240555127217]","[6.128860083873428, 0.08134155744024672]"
org.mockitousage.matchers.GenericMatchersTest.shouldCompile,0.11627906976744186,0.04483284552867157,0.002378686964795433,0.1344985365860147,0.0060959724899703,0.01636333418348405,0.05081816738608598,6.128860083873428,2.1684453623845785,0.005233111322549952,6.505336087153736,0.015468085470284306,0.2283490850663185,2.8044196505420222,"[""OngoingStubbing"", ""Mockito"", ""GenericMatchersTest$Foo"", ""GenericMatchersTest"", ""Date""]","[0.11627906976744186, 0.015840779853777416, 0.002378686964795433]","[6.128860083873428, 0.37124289195775795, 0.005233111322549952]"
org.mockito.internal.stubbing.defaultanswers.ReturnsEmptyValuesTest.should_return_non_zero_for_compareTo_method,0.11627906976744186,0.0447638307092301,0.0068322981366459624,0.13429149212769032,0.012274553239324859,0.020709597692842,0.05060005244454125,6.128860083873428,2.1150030507321365,0.09316770186335403,6.345009152196409,0.15766397534296112,0.4125672985609686,2.8382516244479947,"[""Mockito"", ""ReturnsEmptyValuesTest"", ""ReturnsEmptyValues"", ""Integer"", ""Date""]","[0.11627906976744186, 0.011180124223602485, 0.0068322981366459624]","[6.128860083873428, 0.12298136645962733, 0.09316770186335403]"
org.mockito.internal.stubbing.defaultanswers.ReturnsEmptyValuesTest.should_return_zero_if_mock_is_compared_to_itself,0.11627906976744186,0.0447638307092301,0.0068322981366459624,0.13429149212769032,0.012274553239324859,0.020709597692842,0.05060005244454125,6.128860083873428,2.1150030507321365,0.09316770186335403,6.345009152196409,0.15766397534296112,0.4125672985609686,2.8382516244479947,"[""Mockito"", ""ReturnsEmptyValuesTest"", ""ReturnsEmptyValues"", ""Integer"", ""Date""]","[0.11627906976744186, 0.011180124223602485, 0.0068322981366459624]","[6.128860083873428, 0.12298136645962733, 0.09316770186335403]"
org.mockitousage.bugs.ActualInvocationHasNullArgumentNPEBugTest.shouldAllowPassingNullArgument,0.11627906976744186,0.044693117737880844,0.001959503592423253,0.13407935321364253,0.005154094200983242,0.015339388857704073,0.05093514735193481,6.128860083873428,2.1671364371864894,0.0013063357282821686,6.501409311559468,0.003904435978987223,0.14377969334602983,2.8054297298212707,"[""ActualInvocationHasNullArgumentNPEBugTest$Fun"", ""ActualInvocationHasNullArgumentNPEBugTest"", ""OngoingStubbing"", ""Mockito""]","[0.11627906976744186, 0.015840779853777416, 0.001959503592423253]","[6.128860083873428, 0.37124289195775795, 0.0013063357282821686]"
org.mockito.internal.debugging.WarningsPrinterImplTest.shouldPrintToString,0.11627906976744186,0.044665201733504245,0.007874015748031496,0.13399560520051274,0.012647554806070826,0.02080980640455035,0.05064502820629206,6.128860083873428,2.1553768083602587,0.15223097112860892,6.4661304250807765,0.24719061043386684,0.5568210206545613,2.8097088939778754,"[""WarningsPrinterImpl"", ""WarningsPrinterImplTest"", ""Mockito""]","[0.11627906976744186, 0.00984251968503937, 0.007874015748031496]","[6.128860083873428, 0.18503937007874016, 0.15223097112860892]"
org.mockitousage.bugs.BridgeMethodsHitAgainTest.basicCheck,0.11627906976744186,0.044643268124116835,0.0018099547511312218,0.1339298043723505,0.004805934713225357,0.014938784932233364,0.05097700181504478,6.128860083873428,2.167002651068917,0.0009049773755656109,6.501007953206751,0.0027079311646190977,0.1272209180929968,2.8055330190114836,"[""OngoingStubbing"", ""Mockito"", ""BridgeMethodsHitAgainTest$SomeInterface"", ""BridgeMethodsHitAgainTest"", ""BridgeMethodsHitAgainTest$SomeSubInterface""]","[0.11627906976744186, 0.015840779853777416, 0.0018099547511312218]","[6.128860083873428, 0.37124289195775795, 0.0009049773755656109]"
org.mockitousage.bugs.BridgeMethodsHitAgainTest.checkWithExtraCast,0.11627906976744186,0.044643268124116835,0.0018099547511312218,0.1339298043723505,0.004805934713225357,0.014938784932233364,0.05097700181504478,6.128860083873428,2.167002651068917,0.0009049773755656109,6.501007953206751,0.0027079311646190977,0.1272209180929968,2.8055330190114836,"[""OngoingStubbing"", ""BridgeMethodsHitAgainTest$SomeInterface"", ""BridgeMethodsHitAgainTest"", ""Mockito""]","[0.11627906976744186, 0.015840779853777416, 0.0018099547511312218]","[6.128860083873428, 0.37124289195775795, 0.0009049773755656109]"
org.mockitousage.bugs.ShouldAllowInlineMockCreationTest.shouldAllowInlineMockCreation,0.11627906976744186,0.04461765062475074,0.0017331022530329288,0.13385295187425222,0.004624432815291458,0.014724281034829612,0.05099853518798345,6.128860083873428,2.166989842319234,0.0008665511265164644,6.500969526957702,0.0025932336280305554,0.1253941709454861,2.805542908439933,"[""OngoingStubbing"", ""ShouldAllowInlineMockCreationTest"", ""List"", ""Mockito""]","[0.11627906976744186, 0.015840779853777416, 0.0017331022530329288]","[6.128860083873428, 0.37124289195775795, 0.0008665511265164644]"
org.mockitousage.bugs.InheritedGenericsPolimorphicCallTest.shouldStubbingWork,0.11627906976744186,0.0445890986930698,0.0016474464579901153,0.1337672960792094,0.004420031431334623,0.014477596621513147,0.05102255476880932,6.128860083873428,2.166975566353394,0.0008237232289950577,6.500926699060181,0.002465368117856555,0.12329336973014522,2.8055539307789874,"[""OngoingStubbing"", ""Mockito"", ""InheritedGenericsPolimorphicCallTest"", ""InheritedGenericsPolimorphicCallTest$MyIterable"", ""Iterable""]","[0.11627906976744186, 0.015840779853777416, 0.0016474464579901153]","[6.128860083873428, 0.37124289195775795, 0.0008237232289950577]"
org.mockitousage.spies.SpyingOnRealObjectsTest.shouldStubVoid,0.11627906976744186,0.044560591264783234,0.007839294463498285,0.1336817737943497,0.012462212629730053,0.020580871480530196,0.05071750692000851,6.128860083873428,2.180564760049038,0.13424791768740812,6.541694280147114,0.2678184089855054,0.6119965806706976,2.7924881812590123,"[""RuntimeException"", ""Mockito"", ""VoidMethodStubbable"", ""SpyingOnRealObjectsTest"", ""List""]","[0.11627906976744186, 0.009563409563409564, 0.007839294463498285]","[6.128860083873428, 0.2785862785862786, 0.13424791768740812]"
org.mockitousage.annotation.CaptorAnnotationBasicTest.shouldUseGenericlessAnnotatedCaptor,0.11627906976744186,0.04452449974517092,0.0030511060259344014,0.13357349923551276,0.007379014901510648,0.01716024147965106,0.050943466522434595,6.128860083873428,2.2207315917552743,0.07932875667429443,6.662194775265823,0.20038010652674054,0.6043529246883899,2.7676942244542357,"[""Object"", ""Mockito"", ""CaptorAnnotationBasicTest$Person"", ""CaptorAnnotationBasicTest$PeopleRepository"", ""CaptorAnnotationBasicTest"", ""ArgumentCaptor""]","[0.11627906976744186, 0.014243323442136498, 0.0030511060259344014]","[6.128860083873428, 0.4540059347181009, 0.07932875667429443]"
org.mockitousage.annotation.CaptorAnnotationBasicTest.shouldUseAnnotatedCaptor,0.11627906976744186,0.04452449974517092,0.0030511060259344014,0.13357349923551276,0.007379014901510648,0.01716024147965106,0.050943466522434595,6.128860083873428,2.2207315917552743,0.07932875667429443,6.662194775265823,0.20038010652674054,0.6043529246883899,2.7676942244542357,"[""Object"", ""Mockito"", ""CaptorAnnotationBasicTest$Person"", ""CaptorAnnotationBasicTest$PeopleRepository"", ""CaptorAnnotationBasicTest"", ""ArgumentCaptor""]","[0.11627906976744186, 0.014243323442136498, 0.0030511060259344014]","[6.128860083873428, 0.4540059347181009, 0.07932875667429443]"
org.mockitousage.annotation.CaptorAnnotationBasicTest.shouldUseCaptorInOrdinaryWay,0.11627906976744186,0.04452449974517092,0.0030511060259344014,0.13357349923551276,0.007379014901510648,0.01716024147965106,0.050943466522434595,6.128860083873428,2.2207315917552743,0.07932875667429443,6.662194775265823,0.20038010652674054,0.6043529246883899,2.7676942244542357,"[""Object"", ""Mockito"", ""CaptorAnnotationBasicTest$Person"", ""CaptorAnnotationBasicTest$PeopleRepository"", ""CaptorAnnotationBasicTest"", ""ArgumentCaptor""]","[0.11627906976744186, 0.014243323442136498, 0.0030511060259344014]","[6.128860083873428, 0.4540059347181009, 0.07932875667429443]"
org.mockitousage.bugs.VarargsErrorWhenCallingRealMethodTest.shouldNotThrowAnyException,0.11627906976744186,0.04449439204597335,0.0013633265167007499,0.13348317613792005,0.0037256519094762113,0.013592290973312023,0.05110237522505278,6.128860083873428,2.1669282130298453,0.0006816632583503749,6.500784639089536,0.0020410151287001705,0.11575397493545601,2.8055904925652047,"[""VarargsErrorWhenCallingRealMethodTest"", ""Object"", ""OngoingStubbing"", ""Mockito"", ""VarargsErrorWhenCallingRealMethodTest$Foo"", ""Integer""]","[0.11627906976744186, 0.015840779853777416, 0.0013633265167007499]","[6.128860083873428, 0.37124289195775795, 0.0006816632583503749]"
org.mockitousage.performance.StubOnlyAvoidMemoryConsumptionTest.without_stub_only_mocks_will_store_invocations_leading_to_an_OutOfMemoryError,0.11627906976744186,0.04446950313834457,0.001288659793814433,0.1334085094150337,0.003538870102294519,0.013339476777337917,0.051123389586072154,6.128860083873428,2.1667009919437286,0.0,6.500102975831186,0.7000799065496929,1.5084083472129284,2.878808595957835,"[""Object"", ""StubOnlyAvoidMemoryConsumptionTest"", ""OngoingStubbing"", ""Mockito""]","[0.11627906976744186, 0.015840779853777416, 0.001288659793814433]","[6.128860083873428, 0.37124289195775795, 0.0]"
org.mockito.internal.progress.ThreadSafeMockingProgressTest.shouldKnowWhenVerificationHasStarted,0.11627906976744186,0.044338681362456826,0.0037341299477221808,0.13301604408737047,0.008491216897521626,0.017806413195303916,0.051010076649395074,6.128860083873428,2.0926304902990354,0.070201643017177,6.2778914708971065,0.11072803173895764,0.32369726745516214,2.8540474896850085,"[""ThreadSafeMockingProgress"", ""ThreadSafeMockingProgressTest"", ""Mockito""]","[0.11627906976744186, 0.01300284437220642, 0.0037341299477221808]","[6.128860083873428, 0.07882974400650142, 0.070201643017177]"
org.mockitousage.bugs.CaptorAnnotationAutoboxingTest.shouldAutoboxSafely,0.11627906976744186,0.044312617382258813,0.0024154589371980675,0.13293785214677645,0.006087559395978829,0.01587465082309146,0.0511165485035157,6.128860083873428,2.1967041318010407,0.007246376811594203,6.590112395403122,0.021372731068553856,0.27217864655519836,2.7864297765191606,"[""Double"", ""Mockito"", ""CaptorAnnotationAutoboxingTest"", ""ArgumentCaptor"", ""CaptorAnnotationAutoboxingTest$Fun""]","[0.11627906976744186, 0.014243323442136498, 0.0024154589371980675]","[6.128860083873428, 0.4540059347181009, 0.007246376811594203]"
org.mockitousage.bugs.CaptorAnnotationAutoboxingTest.shouldAutoboxAllPrimitives,0.11627906976744186,0.044312617382258813,0.0024154589371980675,0.13293785214677645,0.006087559395978829,0.01587465082309146,0.0511165485035157,6.128860083873428,2.1967041318010407,0.007246376811594203,6.590112395403122,0.021372731068553856,0.27217864655519836,2.7864297765191606,"[""Mockito"", ""CaptorAnnotationAutoboxingTest"", ""Integer"", ""ArgumentCaptor"", ""CaptorAnnotationAutoboxingTest$Fun""]","[0.11627906976744186, 0.014243323442136498, 0.0024154589371980675]","[6.128860083873428, 0.4540059347181009, 0.007246376811594203]"
org.mockito.internal.configuration.MockInjectionTest.can_try_property_or_setter_injection,0.11627906976744186,0.04415229541218649,0.005474452554744526,0.13245688623655946,0.01053758404977754,0.0189577814465642,0.05104598621290516,6.128860083873428,2.159045052325913,0.035583941605839414,6.477135156977738,0.09534775850733203,0.4085542894984356,2.8093618061994077,"[""Collections"", ""Object"", ""Mockito"", ""MockInjection$OngoingMockInjection"", ""MockInjectionTest"", ""MockInjection"", ""Class"", ""MockInjectionTest$AnObjectWithoutConstructor""]","[0.11627906976744186, 0.010703363914373088, 0.005474452554744526]","[6.128860083873428, 0.31269113149847094, 0.035583941605839414]"
org.mockito.internal.configuration.MockInjectionTest.can_try_constructor_injection,0.11627906976744186,0.04415229541218649,0.005474452554744526,0.13245688623655946,0.01053758404977754,0.0189577814465642,0.05104598621290516,6.128860083873428,2.159045052325913,0.035583941605839414,6.477135156977738,0.09534775850733203,0.4085542894984356,2.8093618061994077,"[""Collections"", ""Object"", ""Class"", ""Mockito"", ""MockInjection$OngoingMockInjection"", ""MockInjectionTest"", ""MockInjection""]","[0.11627906976744186, 0.010703363914373088, 0.005474452554744526]","[6.128860083873428, 0.31269113149847094, 0.035583941605839414]"
org.mockitousage.verification.AtMostXVerificationTest.shouldNotAllowInOrderMode,0.11627906976744186,0.033066646312179496,0.003088008234688626,0.13226658524871798,0.006167443596709949,0.011001974005411792,0.04806645089668585,6.128860083873428,1.5759839427323552,0.040188114578879865,6.303935770929421,0.06771739872268369,0.17677448178238644,2.6286833629066453,"[""MockitoException"", ""Mockito"", ""AtMostXVerificationTest"", ""InOrder"", ""List""]","[0.11627906976744186, 0.007341576506955177, 0.0055579307396323215, 0.003088008234688626]","[6.128860083873428, 0.04327666151468315, 0.040188114578879865, 0.09161091096242924]"
org.mockitousage.matchers.MatchersTest.arrayEqualsShouldThrowArgumentsAreDifferentExceptionForNonMatchingArguments,0.11627906976744186,0.06600297945602626,0.015726889144610665,0.13200595891205252,0.027706446817137454,0.042763396030612535,0.0502760903114156,6.128860083873428,3.420202961000772,0.7115458381281166,6.840405922001544,1.2750602624686438,2.0882923370902065,2.7086571228726557,"[""MatchersTest"", ""List"", ""Mockito""]","[0.11627906976744186, 0.015726889144610665]","[6.128860083873428, 0.7115458381281166]"
org.mockitousage.bugs.ConcurrentModificationExceptionOnMultiThreadedVerificationTest.shouldSuccessfullyVerifyConcurrentInvocationsWithTimeout,0.11627906976744186,0.04397274157263553,0.006054490413723511,0.1319182247179066,0.010787486515641855,0.0188966732660683,0.05114860281634282,6.128860083873428,2.1614664648461406,0.14228052472250252,6.484399394538422,0.252511014786616,0.5707913274503569,2.8055205785041366,"[""ConcurrentModificationExceptionOnMultiThreadedVerificationTest$ITarget"", ""StringBuilder"", ""Object"", ""Mockito"", ""PrintStream"", ""ConcurrentModificationExceptionOnMultiThreadedVerificationTest$TargetInvoker"", ""ExecutorService"", ""VerificationWithTimeout"", ""Integer"", ""Thread"", ""ConcurrentModificationExceptionOnMultiThreadedVerificationTest""]","[0.11627906976744186, 0.009584664536741214, 0.006054490413723511]","[6.128860083873428, 0.213258785942492, 0.14228052472250252]"
org.mockitousage.spies.SpyingOnRealObjectsTest.shouldSayNiceMessageWhenSpyingOnPrivateClass,0.11627906976744186,0.04381998024596511,0.007341576506955177,0.13145994073789533,0.011014306521387318,0.018844702480662345,0.05123671646714625,6.128860083873428,2.1021282210251733,0.04327666151468315,6.306384663075519,0.09765875999270465,0.328988213194496,2.847571604463523,"[""Arrays"", ""SpyingOnRealObjectsTest"", ""MockitoException"", ""Mockito""]","[0.11627906976744186, 0.007839294463498285, 0.007341576506955177]","[6.128860083873428, 0.13424791768740812, 0.04327666151468315]"
org.mockitousage.verification.ExactNumberOfTimesVerificationTest.shouldDetectActuallyCalledOnce,0.11627906976744186,0.04369637831406345,0.0017582417582417582,0.13108913494219035,0.004587382898056659,0.013870233623024369,0.05153038954914678,6.128860083873428,2.115289317081993,0.003956043956043956,6.345867951245978,0.011644397160459856,0.17286564473089844,2.8393066038828487,"[""ExactNumberOfTimesVerificationTest"", ""LinkedList"", ""NeverWantedButInvoked"", ""Mockito""]","[0.11627906976744186, 0.013051823416506719, 0.0017582417582417582]","[6.128860083873428, 0.21305182341650672, 0.003956043956043956]"
org.mockitousage.verification.ExactNumberOfTimesVerificationTest.shouldDetectTooLittleActualInvocations,0.11627906976744186,0.043667711328874724,0.0016722408026755853,0.13100313398662417,0.004390987283356436,0.013640297777722389,0.05155373090822692,6.128860083873428,2.115224816365318,0.003762541806020067,6.345674449095954,0.011085055730736886,0.1699999389882864,2.8393545682411614,"[""ExactNumberOfTimesVerificationTest"", ""TooLittleActualInvocations"", ""LinkedList"", ""Mockito""]","[0.11627906976744186, 0.013051823416506719, 0.0016722408026755853]","[6.128860083873428, 0.21305182341650672, 0.003762541806020067]"
org.mockitousage.verification.ExactNumberOfTimesVerificationTest.shouldDetectTooManyActualInvocations,0.11627906976744186,0.043667711328874724,0.0016722408026755853,0.13100313398662417,0.004390987283356436,0.013640297777722389,0.05155373090822692,6.128860083873428,2.115224816365318,0.003762541806020067,6.345674449095954,0.011085055730736886,0.1699999389882864,2.8393545682411614,"[""ExactNumberOfTimesVerificationTest"", ""TooManyActualInvocations"", ""LinkedList"", ""Mockito""]","[0.11627906976744186, 0.013051823416506719, 0.0016722408026755853]","[6.128860083873428, 0.21305182341650672, 0.003762541806020067]"
org.mockitousage.misuse.InvalidUsageTest.shouldNotAllowMockingPrimitves,0.11627906976744186,0.06546978179730117,0.014660493827160493,0.13093956359460235,0.026038097848430863,0.041288116747480084,0.050809287970140685,6.128860083873428,3.2017757209490596,0.27469135802469136,6.403551441898119,0.5258159990929924,1.2975148937806131,2.927084362924368,"[""InvalidUsageTest"", ""Mockito""]","[0.11627906976744186, 0.014660493827160493]","[6.128860083873428, 0.27469135802469136]"
org.mockitousage.misuse.InvalidUsageTest.shouldRequireArgumentsWhenVerifyingNoMoreInteractions,0.11627906976744186,0.06546978179730117,0.014660493827160493,0.13093956359460235,0.026038097848430863,0.041288116747480084,0.050809287970140685,6.128860083873428,3.2017757209490596,0.27469135802469136,6.403551441898119,0.5258159990929924,1.2975148937806131,2.927084362924368,"[""InvalidUsageTest"", ""Mockito""]","[0.11627906976744186, 0.014660493827160493]","[6.128860083873428, 0.27469135802469136]"
org.mockitousage.misuse.InvalidUsageTest.shouldNotMockObjectMethodsOnInterface,0.11627906976744186,0.06546978179730117,0.014660493827160493,0.13093956359460235,0.026038097848430863,0.041288116747480084,0.050809287970140685,6.128860083873428,3.2017757209490596,0.27469135802469136,6.403551441898119,0.5258159990929924,1.2975148937806131,2.927084362924368,"[""InvalidUsageTest"", ""InvalidUsageTest$ObjectLikeInterface"", ""Mockito""]","[0.11627906976744186, 0.014660493827160493]","[6.128860083873428, 0.27469135802469136]"
org.mockitousage.misuse.InvalidUsageTest.shouldNotAllowMockingFinalClasses,0.11627906976744186,0.06546978179730117,0.014660493827160493,0.13093956359460235,0.026038097848430863,0.041288116747480084,0.050809287970140685,6.128860083873428,3.2017757209490596,0.27469135802469136,6.403551441898119,0.5258159990929924,1.2975148937806131,2.927084362924368,"[""InvalidUsageTest"", ""Mockito""]","[0.11627906976744186, 0.014660493827160493]","[6.128860083873428, 0.27469135802469136]"
org.mockitousage.misuse.InvalidUsageTest.shouldNotCreateInOrderObjectWithoutMocks,0.11627906976744186,0.06546978179730117,0.014660493827160493,0.13093956359460235,0.026038097848430863,0.041288116747480084,0.050809287970140685,6.128860083873428,3.2017757209490596,0.27469135802469136,6.403551441898119,0.5258159990929924,1.2975148937806131,2.927084362924368,"[""InvalidUsageTest"", ""Mockito""]","[0.11627906976744186, 0.014660493827160493]","[6.128860083873428, 0.27469135802469136]"
org.mockitousage.misuse.InvalidUsageTest.shouldRequireArgumentsWhenVerifyingZeroInteractions,0.11627906976744186,0.06546978179730117,0.014660493827160493,0.13093956359460235,0.026038097848430863,0.041288116747480084,0.050809287970140685,6.128860083873428,3.2017757209490596,0.27469135802469136,6.403551441898119,0.5258159990929924,1.2975148937806131,2.927084362924368,"[""InvalidUsageTest"", ""Mockito""]","[0.11627906976744186, 0.014660493827160493]","[6.128860083873428, 0.27469135802469136]"
org.mockitousage.basicapi.UsingVarargsTest.shouldVerifyObjectVarargs,0.11627906976744186,0.06522494277341837,0.014170815779394868,0.13044988554683673,0.02526287040830261,0.040592724430294415,0.051054126994023494,6.128860083873428,3.196946319225109,0.2650325545767905,6.393892638450218,0.5080934374482753,1.2744988994395787,2.9319137646483187,"[""ArrayList"", ""Mockito"", ""UsingVarargsTest$IVarArgs"", ""UsingVarargsTest"", ""Integer""]","[0.11627906976744186, 0.014170815779394868]","[6.128860083873428, 0.2650325545767905]"
org.mockitousage.basicapi.UsingVarargsTest.shouldVerifyWithNullVarArgArray,0.11627906976744186,0.06522494277341837,0.014170815779394868,0.13044988554683673,0.02526287040830261,0.040592724430294415,0.051054126994023494,6.128860083873428,3.196946319225109,0.2650325545767905,6.393892638450218,0.5080934374482753,1.2744988994395787,2.9319137646483187,"[""UsingVarargsTest"", ""Object"", ""Mockito"", ""UsingVarargsTest$Foo""]","[0.11627906976744186, 0.014170815779394868]","[6.128860083873428, 0.2650325545767905]"
org.mockitousage.basicapi.UsingVarargsTest.shouldVerifyBooleanVarargs,0.11627906976744186,0.06522494277341837,0.014170815779394868,0.13044988554683673,0.02526287040830261,0.040592724430294415,0.051054126994023494,6.128860083873428,3.196946319225109,0.2650325545767905,6.393892638450218,0.5080934374482753,1.2744988994395787,2.9319137646483187,"[""UsingVarargsTest"", ""UsingVarargsTest$IVarArgs"", ""Mockito""]","[0.11627906976744186, 0.014170815779394868]","[6.128860083873428, 0.2650325545767905]"
org.mockitousage.basicapi.UsingVarargsTest.shouldVerifyWithAnyObject,0.11627906976744186,0.06522494277341837,0.014170815779394868,0.13044988554683673,0.02526287040830261,0.040592724430294415,0.051054126994023494,6.128860083873428,3.196946319225109,0.2650325545767905,6.393892638450218,0.5080934374482753,1.2744988994395787,2.9319137646483187,"[""UsingVarargsTest"", ""Object"", ""Mockito"", ""UsingVarargsTest$Foo""]","[0.11627906976744186, 0.014170815779394868]","[6.128860083873428, 0.2650325545767905]"
org.mockitousage.basicapi.UsingVarargsTest.shouldVerifyStringVarargs,0.11627906976744186,0.06522494277341837,0.014170815779394868,0.13044988554683673,0.02526287040830261,0.040592724430294415,0.051054126994023494,6.128860083873428,3.196946319225109,0.2650325545767905,6.393892638450218,0.5080934374482753,1.2744988994395787,2.9319137646483187,"[""UsingVarargsTest"", ""UsingVarargsTest$IVarArgs"", ""Mockito""]","[0.11627906976744186, 0.014170815779394868]","[6.128860083873428, 0.2650325545767905]"
org.mockito.internal.util.reflection.LenientCopyToolTest.shouldShallowCopyLinkedListIntoMock,0.11627906976744186,0.043417446099070334,0.0054678007290400975,0.130252338297211,0.009706843067567845,0.01755243920079975,0.05153587105439702,6.128860083873428,2.201317071295193,0.10692588092345079,6.603951213885579,0.24526622245914304,0.622541697746572,2.779239355004523,"[""LenientCopyTool"", ""LenientCopyToolTest"", ""LinkedList"", ""Mockito""]","[0.11627906976744186, 0.00850546780072904, 0.0054678007290400975]","[6.128860083873428, 0.36816524908869985, 0.10692588092345079]"
org.mockitousage.spies.SpyingOnRealObjectsTest.shouldVerifyInOrderAndFail,0.11627906976744186,0.04322543165685749,0.0055579307396323215,0.12967629497057245,0.00949110057220385,0.017175018718865263,0.051665118381130304,6.128860083873428,2.1010987053799055,0.040188114578879865,6.303296116139716,0.092321764101417,0.32096792327270196,2.8483162398398623,"[""SpyingOnRealObjectsTest"", ""InOrder"", ""List"", ""Mockito""]","[0.11627906976744186, 0.007839294463498285, 0.0055579307396323215]","[6.128860083873428, 0.13424791768740812, 0.040188114578879865]"
org.mockitousage.spies.SpyingOnRealObjectsTest.shouldVerifyInOrder,0.11627906976744186,0.04322543165685749,0.0055579307396323215,0.12967629497057245,0.00949110057220385,0.017175018718865263,0.051665118381130304,6.128860083873428,2.1010987053799055,0.040188114578879865,6.303296116139716,0.092321764101417,0.32096792327270196,2.8483162398398623,"[""SpyingOnRealObjectsTest"", ""InOrder"", ""List"", ""Mockito""]","[0.11627906976744186, 0.007839294463498285, 0.0055579307396323215]","[6.128860083873428, 0.13424791768740812, 0.040188114578879865]"
org.mockitousage.verification.ExactNumberOfTimesVerificationTest.shouldAllowVerifyingInteractionNeverHappened,0.11627906976744186,0.06466544659197429,0.013051823416506719,0.12933089318394858,0.023469317318975638,0.03895707747817227,0.05161362317546757,6.128860083873428,3.170955953644967,0.21305182341650672,6.341911907289934,0.4117890110813178,1.1427006678627076,2.9579041302284605,"[""ExactNumberOfTimesVerificationTest"", ""LinkedList"", ""Mockito""]","[0.11627906976744186, 0.013051823416506719]","[6.128860083873428, 0.21305182341650672]"
org.mockitousage.verification.ExactNumberOfTimesVerificationTest.shouldPassWhenMethodsActuallyNotCalled,0.11627906976744186,0.06466544659197429,0.013051823416506719,0.12933089318394858,0.023469317318975638,0.03895707747817227,0.05161362317546757,6.128860083873428,3.170955953644967,0.21305182341650672,6.341911907289934,0.4117890110813178,1.1427006678627076,2.9579041302284605,"[""ExactNumberOfTimesVerificationTest"", ""LinkedList"", ""Mockito""]","[0.11627906976744186, 0.013051823416506719]","[6.128860083873428, 0.21305182341650672]"
org.mockitousage.verification.ExactNumberOfTimesVerificationTest.shouldDetectActualInvocationsCountIsMoreThanZero,0.11627906976744186,0.06466544659197429,0.013051823416506719,0.12933089318394858,0.023469317318975638,0.03895707747817227,0.05161362317546757,6.128860083873428,3.170955953644967,0.21305182341650672,6.341911907289934,0.4117890110813178,1.1427006678627076,2.9579041302284605,"[""ExactNumberOfTimesVerificationTest"", ""LinkedList"", ""Mockito""]","[0.11627906976744186, 0.013051823416506719]","[6.128860083873428, 0.21305182341650672]"
org.mockitousage.verification.BasicVerificationTest.shouldFailVerificationOnMethodArgument,0.11627906976744186,0.06462066336256195,0.012962256957682043,0.1292413267251239,0.023324415174590107,0.038823178400612945,0.051658406404879904,6.128860083873428,3.156500190621426,0.18414029736942433,6.313000381242852,0.3575384287107755,1.0623418086379017,2.9723598932520017,"[""BasicVerificationTest"", ""List"", ""Mockito""]","[0.11627906976744186, 0.012962256957682043]","[6.128860083873428, 0.18414029736942433]"
org.mockitousage.verification.BasicVerificationTest.shouldFailVerification,0.11627906976744186,0.06462066336256195,0.012962256957682043,0.1292413267251239,0.023324415174590107,0.038823178400612945,0.051658406404879904,6.128860083873428,3.156500190621426,0.18414029736942433,6.313000381242852,0.3575384287107755,1.0623418086379017,2.9723598932520017,"[""List"", ""BasicVerificationTest"", ""Mockito""]","[0.11627906976744186, 0.012962256957682043]","[6.128860083873428, 0.18414029736942433]"
org.mockitousage.verification.BasicVerificationTest.shouldDetectWhenInvokedMoreThanOnce,0.11627906976744186,0.06462066336256195,0.012962256957682043,0.1292413267251239,0.023324415174590107,0.038823178400612945,0.051658406404879904,6.128860083873428,3.156500190621426,0.18414029736942433,6.313000381242852,0.3575384287107755,1.0623418086379017,2.9723598932520017,"[""BasicVerificationTest"", ""List"", ""Mockito""]","[0.11627906976744186, 0.012962256957682043]","[6.128860083873428, 0.18414029736942433]"
org.mockitousage.verification.BasicVerificationTest.shouldFailOnWrongMethod,0.11627906976744186,0.06462066336256195,0.012962256957682043,0.1292413267251239,0.023324415174590107,0.038823178400612945,0.051658406404879904,6.128860083873428,3.156500190621426,0.18414029736942433,6.313000381242852,0.3575384287107755,1.0623418086379017,2.9723598932520017,"[""BasicVerificationTest"", ""List"", ""Mockito""]","[0.11627906976744186, 0.012962256957682043]","[6.128860083873428, 0.18414029736942433]"
org.mockitousage.verification.BasicVerificationTest.shouldDetectRedundantInvocation,0.11627906976744186,0.06462066336256195,0.012962256957682043,0.1292413267251239,0.023324415174590107,0.038823178400612945,0.051658406404879904,6.128860083873428,3.156500190621426,0.18414029736942433,6.313000381242852,0.3575384287107755,1.0623418086379017,2.9723598932520017,"[""BasicVerificationTest"", ""List"", ""Mockito""]","[0.11627906976744186, 0.012962256957682043]","[6.128860083873428, 0.18414029736942433]"
org.mockitousage.verification.BasicVerificationTest.shouldVerify,0.11627906976744186,0.06462066336256195,0.012962256957682043,0.1292413267251239,0.023324415174590107,0.038823178400612945,0.051658406404879904,6.128860083873428,3.156500190621426,0.18414029736942433,6.313000381242852,0.3575384287107755,1.0623418086379017,2.9723598932520017,"[""BasicVerificationTest"", ""List"", ""Mockito""]","[0.11627906976744186, 0.012962256957682043]","[6.128860083873428, 0.18414029736942433]"
org.mockitousage.verification.NoMoreInteractionsVerificationTest.shouldPrintAllInvocationsWhenVerifyingNoMoreInvocations,0.11627906976744186,0.042888562663136724,0.001254180602006689,0.12866568798941017,0.0033491079310982,0.011753051327936663,0.05205138416474303,6.128860083873428,2.07781519547076,0.0020903010033444815,6.233445586412281,0.006143516013953495,0.1095041781053276,2.8648145724639558,"[""NoInteractionsWanted"", ""Mockito"", ""LinkedList"", ""NoMoreInteractionsVerificationTest"", ""Integer""]","[0.11627906976744186, 0.011132437619961612, 0.001254180602006689]","[6.128860083873428, 0.10249520153550863, 0.0020903010033444815]"
org.mockitousage.verification.NoMoreInteractionsVerificationTest.shouldNotContainAllInvocationsWhenSingleUnwantedFound,0.11627906976744186,0.042888562663136724,0.001254180602006689,0.12866568798941017,0.0033491079310982,0.011753051327936663,0.05205138416474303,6.128860083873428,2.07781519547076,0.0020903010033444815,6.233445586412281,0.006143516013953495,0.1095041781053276,2.8648145724639558,"[""NoInteractionsWanted"", ""Mockito"", ""LinkedList"", ""NoMoreInteractionsVerificationTest"", ""Integer""]","[0.11627906976744186, 0.011132437619961612, 0.001254180602006689]","[6.128860083873428, 0.10249520153550863, 0.0020903010033444815]"
org.mockitousage.misuse.RestrictedObjectMethodsTest.shouldScreamWhenVerifyToString,0.11627906976744186,0.04279670721070256,0.0047694753577106515,0.1283901216321077,0.008463167897372953,0.01596812151956617,0.05197048605552031,6.128860083873428,2.0759268748538005,0.04327666151468315,6.227780624561402,0.0727418494765412,0.2452921324817858,2.8658610032122116,"[""RestrictedObjectMethodsTest"", ""Object"", ""MockitoException"", ""Mockito""]","[0.11627906976744186, 0.007341576506955177, 0.0047694753577106515]","[6.128860083873428, 0.04327666151468315, 0.05564387917329094]"
org.mockitousage.verification.NoMoreInteractionsVerificationTest.shouldFailZeroInteractionsVerification,0.11627906976744186,0.06370575369370174,0.011132437619961612,0.12741150738740348,0.0203195067264574,0.03597873664670858,0.05257331607374013,6.128860083873428,3.115677642704468,0.10249520153550863,6.231355285408936,0.20161865941120596,0.7925772829696429,3.0131824411689596,"[""NoMoreInteractionsVerificationTest"", ""LinkedList"", ""Mockito""]","[0.11627906976744186, 0.011132437619961612]","[6.128860083873428, 0.10249520153550863]"
org.mockitousage.verification.NoMoreInteractionsVerificationTest.shouldVerifyWhenWantedNumberOfInvocationsUsed,0.11627906976744186,0.06370575369370174,0.011132437619961612,0.12741150738740348,0.0203195067264574,0.03597873664670858,0.05257331607374013,6.128860083873428,3.115677642704468,0.10249520153550863,6.231355285408936,0.20161865941120596,0.7925772829696429,3.0131824411689596,"[""NoMoreInteractionsVerificationTest"", ""LinkedList"", ""Mockito""]","[0.11627906976744186, 0.011132437619961612]","[6.128860083873428, 0.10249520153550863]"
org.mockitousage.verification.NoMoreInteractionsVerificationTest.verifyNoMoreInteractionsShouldScreamWhenNullPassed,0.11627906976744186,0.06370575369370174,0.011132437619961612,0.12741150738740348,0.0203195067264574,0.03597873664670858,0.05257331607374013,6.128860083873428,3.115677642704468,0.10249520153550863,6.231355285408936,0.20161865941120596,0.7925772829696429,3.0131824411689596,"[""NoMoreInteractionsVerificationTest"", ""Mockito""]","[0.11627906976744186, 0.011132437619961612]","[6.128860083873428, 0.10249520153550863]"
org.mockitousage.verification.NoMoreInteractionsVerificationTest.shouldFailNoMoreInteractionsVerification,0.11627906976744186,0.06370575369370174,0.011132437619961612,0.12741150738740348,0.0203195067264574,0.03597873664670858,0.05257331607374013,6.128860083873428,3.115677642704468,0.10249520153550863,6.231355285408936,0.20161865941120596,0.7925772829696429,3.0131824411689596,"[""NoMoreInteractionsVerificationTest"", ""LinkedList"", ""Mockito""]","[0.11627906976744186, 0.011132437619961612]","[6.128860083873428, 0.10249520153550863]"
org.mockitousage.verification.NoMoreInteractionsVerificationTest.shouldVerifyOneMockButFailOnOther,0.11627906976744186,0.06370575369370174,0.011132437619961612,0.12741150738740348,0.0203195067264574,0.03597873664670858,0.05257331607374013,6.128860083873428,3.115677642704468,0.10249520153550863,6.231355285408936,0.20161865941120596,0.7925772829696429,3.0131824411689596,"[""Map"", ""Mockito"", ""NoMoreInteractionsVerificationTest"", ""Integer"", ""List""]","[0.11627906976744186, 0.011132437619961612]","[6.128860083873428, 0.10249520153550863]"
org.mockitousage.verification.NoMoreInteractionsVerificationTest.shouldVerifyNoInteractionsAsManyTimesAsYouWant,0.11627906976744186,0.06370575369370174,0.011132437619961612,0.12741150738740348,0.0203195067264574,0.03597873664670858,0.05257331607374013,6.128860083873428,3.115677642704468,0.10249520153550863,6.231355285408936,0.20161865941120596,0.7925772829696429,3.0131824411689596,"[""NoMoreInteractionsVerificationTest"", ""Mockito""]","[0.11627906976744186, 0.011132437619961612]","[6.128860083873428, 0.10249520153550863]"
org.mockitousage.stubbing.DeepStubbingTest.shouldVerificationBasicallyWorkFine,0.11627906976744186,0.06346272880007074,0.01064638783269962,0.12692545760014148,0.019506757698202593,0.03518454310588277,0.052816340967371124,6.128860083873428,3.5446581788188434,0.9604562737642586,7.089316357637687,1.6606684824377291,2.426211474414292,2.5842019050545844,"[""Object"", ""Mockito"", ""DeepStubbingTest$Address"", ""DeepStubbingTest"", ""DeepStubbingTest$Person"", ""DeepStubbingTest$Street""]","[0.11627906976744186, 0.01064638783269962]","[6.128860083873428, 0.9604562737642586]"
org.mockitousage.verification.AtMostXVerificationTest.shouldPrintDecentMessage,0.11627906976744186,0.04223621816969522,0.003088008234688626,0.12670865450908567,0.006401449497804416,0.013814116337774806,0.05238499222300319,6.128860083873428,2.0953862615449768,0.06568778979907264,6.28615878463493,0.11405793634140088,0.3328668294160432,2.852116326357135,"[""MockitoAssertionError"", ""AtMostXVerificationTest"", ""List"", ""Mockito""]","[0.11627906976744186, 0.007341576506955177, 0.003088008234688626]","[6.128860083873428, 0.06568778979907264, 0.09161091096242924]"
org.mockitousage.verification.AtMostXVerificationTest.shouldNotAllowNegativeNumber,0.11627906976744186,0.04223621816969522,0.003088008234688626,0.12670865450908567,0.006401449497804416,0.013814116337774806,0.05238499222300319,6.128860083873428,2.08791588545018,0.04327666151468315,6.2637476563505405,0.08775512986484303,0.28964112107075457,2.8574471778139428,"[""AtMostXVerificationTest"", ""MockitoException"", ""List"", ""Mockito""]","[0.11627906976744186, 0.007341576506955177, 0.003088008234688626]","[6.128860083873428, 0.04327666151468315, 0.09161091096242924]"
org.mockitousage.verification.PrintingVerboseTypesWithArgumentsTest.shouldNotReportArgumentTypesWhenToStringIsTheSame,0.11627906976744186,0.04220376597378467,0.0031605562579013905,0.126611297921354,0.006459426725878078,0.013813227421163332,0.0524047404742327,6.128860083873428,2.0606257487865784,0.02330793366203496,6.181877246359735,0.039099877497265435,0.16190426386151968,2.8766772728305354,"[""ArgumentsAreDifferent"", ""PrintingVerboseTypesWithArgumentsTest"", ""Object"", ""Mockito"", ""PrintingVerboseTypesWithArgumentsTest$Boo""]","[0.11627906976744186, 0.007171671896010758, 0.0031605562579013905]","[6.128860083873428, 0.02330793366203496, 0.02970922882427307]"
org.mockitousage.verification.PrintingVerboseTypesWithArgumentsTest.shouldShowTheTypeOfTheMismatchingArgumentWhenOutputDescriptionsForInvocationsAreDifferent,0.11627906976744186,0.04220376597378467,0.0031605562579013905,0.126611297921354,0.006459426725878078,0.013813227421163332,0.0524047404742327,6.128860083873428,2.0606257487865784,0.02330793366203496,6.181877246359735,0.039099877497265435,0.16190426386151968,2.8766772728305354,"[""PrintingVerboseTypesWithArgumentsTest"", ""Object"", ""Mockito"", ""PrintingVerboseTypesWithArgumentsTest$Boo"", ""ArgumentsAreDifferent"", ""Integer""]","[0.11627906976744186, 0.007171671896010758, 0.0031605562579013905]","[6.128860083873428, 0.02330793366203496, 0.02970922882427307]"
org.mockitousage.verification.PrintingVerboseTypesWithArgumentsTest.shouldNotShowTypesWhenArgumentValueIsDifferent,0.11627906976744186,0.04220376597378467,0.0031605562579013905,0.126611297921354,0.006459426725878078,0.013813227421163332,0.0524047404742327,6.128860083873428,2.0606257487865784,0.02330793366203496,6.181877246359735,0.039099877497265435,0.16190426386151968,2.8766772728305354,"[""ArgumentsAreDifferent"", ""PrintingVerboseTypesWithArgumentsTest"", ""Object"", ""Mockito"", ""PrintingVerboseTypesWithArgumentsTest$Boo""]","[0.11627906976744186, 0.007171671896010758, 0.0031605562579013905]","[6.128860083873428, 0.02330793366203496, 0.02970922882427307]"
org.mockitousage.verification.PrintingVerboseTypesWithArgumentsTest.shouldShowTheTypeOfOnlyTheArgumentThatDoesntMatch,0.11627906976744186,0.04220376597378467,0.0031605562579013905,0.126611297921354,0.006459426725878078,0.013813227421163332,0.0524047404742327,6.128860083873428,2.0606257487865784,0.02330793366203496,6.181877246359735,0.039099877497265435,0.16190426386151968,2.8766772728305354,"[""ArgumentsAreDifferent"", ""PrintingVerboseTypesWithArgumentsTest"", ""Object"", ""Mockito"", ""PrintingVerboseTypesWithArgumentsTest$Boo""]","[0.11627906976744186, 0.007171671896010758, 0.0031605562579013905]","[6.128860083873428, 0.02330793366203496, 0.02970922882427307]"
org.mockitousage.misuse.RestrictedObjectMethodsTest.shouldBeSilentWhenVerifyEqualsInOrder,0.11627906976744186,0.04220215862159494,0.0047694753577106515,0.12660647586478482,0.007534096616739861,0.014553309413353213,0.052381275211374236,6.128860083873428,2.0748973592085327,0.040188114578879865,6.2246920776255985,0.06973894657058663,0.23931224037885512,2.866591477683803,"[""RestrictedObjectMethodsTest"", ""InOrder"", ""List"", ""Mockito""]","[0.11627906976744186, 0.0055579307396323215, 0.0047694753577106515]","[6.128860083873428, 0.040188114578879865, 0.05564387917329094]"
org.mockitousage.annotation.AnnotationsTest.shouldInitMocks,0.11627906976744186,0.06328974947599561,0.010300429184549357,0.12657949895199122,0.018924459864374705,0.03460815400718172,0.05298932029144625,6.128860083873428,3.1427562221942247,0.15665236051502146,6.285512444388449,0.3054963005481658,0.9798471306306228,2.986103861679203,"[""AnnotationsTest"", ""Mockito"", ""List"", ""Map""]","[0.11627906976744186, 0.010300429184549357]","[6.128860083873428, 0.15665236051502146]"
org.mockitousage.stacktrace.ModellingDescriptiveMessagesTest.makeSureStateIsValidatedInTheVeryFirstTestThanksToTheRunner,0.11627906976744186,0.06324446965399887,0.01020986954055587,0.12648893930799773,0.018771509020752947,0.03445568360405545,0.05303460011344299,6.128860083873428,3.125689259180049,0.12251843448667045,6.251378518360098,0.24023448282923576,0.8665439069452952,3.003170824693379,"[""ModellingDescriptiveMessagesTest"", ""Mockito""]","[0.11627906976744186, 0.01020986954055587]","[6.128860083873428, 0.12251843448667045]"
org.mockitousage.stacktrace.ClickableStackTracesWhenFrameworkMisusedTest.shouldShowWhereIsUnfinishedVerification,0.11627906976744186,0.04213278559504782,0.0038550501156515036,0.12639835678514347,0.0070153061224489804,0.014108036790356604,0.052438564928704884,6.128860083873428,2.0618835014604135,0.014649190439475714,6.185650504381241,0.03255347854706144,0.1558237003430074,2.875808621875781,"[""ClickableStackTracesWhenFrameworkMisusedTest"", ""Mockito"", ""UnfinishedVerificationException""]","[0.11627906976744186, 0.006264236902050114, 0.0038550501156515036]","[6.128860083873428, 0.04214123006833713, 0.014649190439475714]"
org.mockitousage.bugs.MultipleInOrdersTest.inOrderTest,0.11627906976744186,0.04192466946036331,0.003937007874015748,0.12577400838108993,0.006779307467667918,0.013651917471235432,0.05258066489691834,6.128860083873428,2.0768218404289844,0.040188114578879865,6.230465521286954,0.07258967353058997,0.24731819799185,2.865236827276591,"[""MultipleInOrdersTest"", ""InOrder"", ""List"", ""Mockito""]","[0.11627906976744186, 0.0055579307396323215, 0.003937007874015748]","[6.128860083873428, 0.040188114578879865, 0.06141732283464567]"
org.mockitousage.verification.VerificationWithTimeoutTest.canIgnoreInvocationsWithJunit,0.11627906976744186,0.06280096766095351,0.009322865554465163,0.12560193532190703,0.017261742527482513,0.0329249773612699,0.05347810210648835,6.128860083873428,3.2003476081781272,0.2718351324828263,6.4006952163562545,0.5205807921024151,1.2907515225125397,2.9285124756953005,"[""Mockito"", ""VerificationWithTimeoutTest$1"", ""VerificationWithTimeoutTest"", ""Thread"", ""List""]","[0.11627906976744186, 0.009322865554465163]","[6.128860083873428, 0.2718351324828263]"
org.mockitousage.basicapi.ReplacingObjectMethodsTest.shouldProvideMockyImplementationOfToString,0.11627906976744186,0.06272844501756414,0.009177820267686425,0.12545689003512828,0.017012830509676048,0.032667849687718235,0.053550624749877714,6.128860083873428,3.137470194900385,0.14608030592734225,6.27494038980077,0.2853591270742041,0.9462059797095487,2.991389888973043,"[""StringBuilder"", ""Object"", ""ReplacingObjectMethodsTest"", ""Mockito""]","[0.11627906976744186, 0.009177820267686425]","[6.128860083873428, 0.14608030592734225]"
org.mockitousage.stubbing.ReturningDefaultValuesTest.shouldReturnEmptyCollections,0.11627906976744186,0.0627231865261961,0.009167303284950344,0.1254463730523922,0.016994759949015722,0.03264912706719798,0.05355588324124576,6.128860083873428,3.110839514816775,0.09281894576012223,6.22167902963355,0.18286842795551025,0.7542375830575043,3.018020569056653,"[""HashSet"", ""Object"", ""Map"", ""Mockito"", ""ReturningDefaultValuesTest"", ""LinkedList"", ""ReturningDefaultValuesTest$CollectionsServer"", ""List""]","[0.11627906976744186, 0.009167303284950344]","[6.128860083873428, 0.09281894576012223]"
org.mockitousage.stubbing.ReturningDefaultValuesTest.shouldReturnMutableEmptyCollection,0.11627906976744186,0.0627231865261961,0.009167303284950344,0.1254463730523922,0.016994759949015722,0.03264912706719798,0.05355588324124576,6.128860083873428,3.110839514816775,0.09281894576012223,6.22167902963355,0.18286842795551025,0.7542375830575043,3.018020569056653,"[""Object"", ""Mockito"", ""ReturningDefaultValuesTest$CollectionsServer"", ""ReturningDefaultValuesTest"", ""List""]","[0.11627906976744186, 0.009167303284950344]","[6.128860083873428, 0.09281894576012223]"
org.mockitousage.basicapi.ResetTest.shouldNotAffectMockName,0.11627906976744186,0.06267211278740364,0.009065155807365438,0.1253442255748073,0.016819089666771786,0.03246671964608337,0.053606956980038215,6.128860083873428,3.1856765008602266,0.2424929178470255,6.371353001720453,0.4665273339629161,1.2191001455231778,2.943183583013201,"[""ResetTest"", ""StringBuilder"", ""Mockito""]","[0.11627906976744186, 0.009065155807365438]","[6.128860083873428, 0.2424929178470255]"
org.mockitousage.basicapi.ResetTest.resettingNullIsSafe,0.11627906976744186,0.06267211278740364,0.009065155807365438,0.1253442255748073,0.016819089666771786,0.03246671964608337,0.053606956980038215,6.128860083873428,3.1856765008602266,0.2424929178470255,6.371353001720453,0.4665273339629161,1.2191001455231778,2.943183583013201,"[""ResetTest"", ""Mockito""]","[0.11627906976744186, 0.009065155807365438]","[6.128860083873428, 0.2424929178470255]"
org.mockitousage.basicapi.ResetTest.resettingNonMockIsSafe,0.11627906976744186,0.06267211278740364,0.009065155807365438,0.1253442255748073,0.016819089666771786,0.03246671964608337,0.053606956980038215,6.128860083873428,3.1856765008602266,0.2424929178470255,6.371353001720453,0.4665273339629161,1.2191001455231778,2.943183583013201,"[""ResetTest"", ""Mockito""]","[0.11627906976744186, 0.009065155807365438]","[6.128860083873428, 0.2424929178470255]"
org.mockitousage.basicapi.ResetTest.shouldValidateStateWhenResetting,0.11627906976744186,0.06267211278740364,0.009065155807365438,0.1253442255748073,0.016819089666771786,0.03246671964608337,0.053606956980038215,6.128860083873428,3.1856765008602266,0.2424929178470255,6.371353001720453,0.4665273339629161,1.2191001455231778,2.943183583013201,"[""ResetTest"", ""Mockito""]","[0.11627906976744186, 0.009065155807365438]","[6.128860083873428, 0.2424929178470255]"
org.mockitousage.bugs.ParentClassNotPublicTest.hints_that_parent_not_public_during_verify,0.11627906976744186,0.041678693555802365,0.0038550501156515036,0.1250360806674071,0.00635593220338983,0.013000711966990377,0.052752163327997904,6.128860083873428,2.068261261372275,0.014649190439475714,6.204783784116826,0.03539976705533783,0.1765323865345632,2.8713400562658045,"[""ParentClassNotPublicTest"", ""Object"", ""Mockito"", ""UnfinishedVerificationException"", ""ParentClassNotPublicTest$ClassForMocking"", ""ParentClassNotPublicTest$SuperClass""]","[0.11627906976744186, 0.004901960784313725, 0.0038550501156515036]","[6.128860083873428, 0.061274509803921566, 0.014649190439475714]"
org.mockitousage.verification.FindingRedundantInvocationsInOrderTest.shouldWorkFineIfNoInvocatins,0.11627906976744186,0.04166302958851514,0.0031520882584712374,0.12498908876554542,0.005931513828792176,0.012676645615615554,0.052770649092707116,6.128860083873428,2.07526192903493,0.040188114578879865,6.22578578710479,0.07030512696682262,0.24087001389354376,2.866334706200654,"[""FindingRedundantInvocationsInOrderTest"", ""InOrder"", ""Mockito""]","[0.11627906976744186, 0.0055579307396323215, 0.0031520882584712374]","[6.128860083873428, 0.040188114578879865, 0.05673758865248227]"
org.mockitousage.verification.FindingRedundantInvocationsInOrderTest.shouldValidateState,0.11627906976744186,0.04166302958851514,0.0031520882584712374,0.12498908876554542,0.005931513828792176,0.012676645615615554,0.052770649092707116,6.128860083873428,2.07526192903493,0.040188114578879865,6.22578578710479,0.07030512696682262,0.24087001389354376,2.866334706200654,"[""FindingRedundantInvocationsInOrderTest"", ""InOrder"", ""Mockito""]","[0.11627906976744186, 0.0055579307396323215, 0.0031520882584712374]","[6.128860083873428, 0.040188114578879865, 0.05673758865248227]"
org.mockitousage.stubbing.CloningParameterTest.shouldVerifyEvenIfArgumentsWereMutated,0.11627906976744186,0.0414458926086833,0.002197802197802198,0.12433767782604992,0.004730182506208365,0.011441487643508743,0.05293617352821794,6.128860083873428,2.0629777813155625,0.002197802197802198,6.188933343946688,0.0063499906101267935,0.0920352613825808,2.875102800947632,"[""CloningParameterTest$Person"", ""CloningParameterTest$EmailSender"", ""CloningParameterTest"", ""Object"", ""String"", ""Mockito"", ""ClonesArguments""]","[0.11627906976744186, 0.005860805860805861, 0.002197802197802198]","[6.128860083873428, 0.05787545787545788, 0.002197802197802198]"
org.mockitousage.verification.AtLeastXVerificationTest.shouldVerifyAtLeastXTimes,0.11627906976744186,0.06216098260490056,0.00804289544235925,0.12432196520980111,0.015045135406218655,0.030581373420340868,0.0541180871625413,6.128860083873428,3.0657705245104405,0.002680965147453083,6.131541049020881,0.0053595858356374785,0.1281844775254829,3.063089559362987,"[""AtLeastXVerificationTest"", ""List"", ""Mockito""]","[0.11627906976744186, 0.00804289544235925]","[6.128860083873428, 0.002680965147453083]"
org.mockitousage.verification.AtLeastXVerificationTest.shouldAllowAtLeastZeroForTheSakeOfVerifyNoMoreInteractionsSometimes,0.11627906976744186,0.06216098260490056,0.00804289544235925,0.12432196520980111,0.015045135406218655,0.030581373420340868,0.0541180871625413,6.128860083873428,3.0657705245104405,0.002680965147453083,6.131541049020881,0.0053595858356374785,0.1281844775254829,3.063089559362987,"[""AtLeastXVerificationTest"", ""List"", ""Mockito""]","[0.11627906976744186, 0.00804289544235925]","[6.128860083873428, 0.002680965147453083]"
org.mockitousage.stubbing.SmartNullsStubbingTest.shouldThrowSmartNPEWhenMethodReturnsClass,0.11627906976744186,0.06211831472456974,0.007957559681697613,0.12423662944913948,0.014895729890764646,0.030418705386763254,0.05416075504287213,6.128860083873428,3.108196620186051,0.08753315649867374,6.216393240372102,0.1726012007721876,0.7324469051611642,3.020663463687377,"[""Object"", ""SmartNullsStubbingTest"", ""Mockito"", ""SmartNullsStubbingTest$Foo""]","[0.11627906976744186, 0.007957559681697613]","[6.128860083873428, 0.08753315649867374]"
org.mockitousage.stubbing.SmartNullsStubbingTest.shouldShowParameters,0.11627906976744186,0.06211831472456974,0.007957559681697613,0.12423662944913948,0.014895729890764646,0.030418705386763254,0.05416075504287213,6.128860083873428,3.108196620186051,0.08753315649867374,6.216393240372102,0.1726012007721876,0.7324469051611642,3.020663463687377,"[""Exception"", ""Object"", ""SmartNullsStubbingTest"", ""Mockito"", ""SmartNullsStubbingTest$Foo"", ""SmartNullsStubbingTest$Bar""]","[0.11627906976744186, 0.007957559681697613]","[6.128860083873428, 0.08753315649867374]"
org.mockitousage.stubbing.SmartNullsStubbingTest.shouldThrowSmartNPEWhenMethodReturnsInterface,0.11627906976744186,0.06211831472456974,0.007957559681697613,0.12423662944913948,0.014895729890764646,0.030418705386763254,0.05416075504287213,6.128860083873428,3.108196620186051,0.08753315649867374,6.216393240372102,0.1726012007721876,0.7324469051611642,3.020663463687377,"[""Mockito"", ""Object"", ""SmartNullsStubbingTest"", ""SmartNullsStubbingTest$Bar"", ""SmartNullsStubbingTest$Foo""]","[0.11627906976744186, 0.007957559681697613]","[6.128860083873428, 0.08753315649867374]"
org.mockitousage.stubbing.SmartNullsStubbingTest.shouldShowParametersWhenParamsAreHuge,0.11627906976744186,0.06211831472456974,0.007957559681697613,0.12423662944913948,0.014895729890764646,0.030418705386763254,0.05416075504287213,6.128860083873428,3.108196620186051,0.08753315649867374,6.216393240372102,0.1726012007721876,0.7324469051611642,3.020663463687377,"[""Exception"", ""Object"", ""SmartNullsStubbingTest"", ""Mockito"", ""SmartNullsStubbingTest$Foo"", ""SmartNullsStubbingTest$Bar""]","[0.11627906976744186, 0.007957559681697613]","[6.128860083873428, 0.08753315649867374]"
org.mockitousage.spies.SpyingOnRealObjectsTest.shouldVerifyNumberOfTimes,0.11627906976744186,0.06205918211547007,0.007839294463498285,0.12411836423094014,0.014688331956302213,0.030191817895725302,0.05421988765197179,6.128860083873428,3.131554000780418,0.13424791768740812,6.263108001560836,0.26274070440823744,0.9070759086523472,2.99730608309301,"[""SpyingOnRealObjectsTest"", ""List"", ""Mockito""]","[0.11627906976744186, 0.007839294463498285]","[6.128860083873428, 0.13424791768740812]"
org.mockitousage.spies.SpyingOnRealObjectsTest.shouldVerifyNumberOfTimesAndFail,0.11627906976744186,0.06205918211547007,0.007839294463498285,0.12411836423094014,0.014688331956302213,0.030191817895725302,0.05421988765197179,6.128860083873428,3.131554000780418,0.13424791768740812,6.263108001560836,0.26274070440823744,0.9070759086523472,2.99730608309301,"[""SpyingOnRealObjectsTest"", ""List"", ""Mockito""]","[0.11627906976744186, 0.007839294463498285]","[6.128860083873428, 0.13424791768740812]"
org.mockitousage.spies.SpyingOnRealObjectsTest.shouldVerifyNoMoreInteractionsAndFail,0.11627906976744186,0.06205918211547007,0.007839294463498285,0.12411836423094014,0.014688331956302213,0.030191817895725302,0.05421988765197179,6.128860083873428,3.131554000780418,0.13424791768740812,6.263108001560836,0.26274070440823744,0.9070759086523472,2.99730608309301,"[""SpyingOnRealObjectsTest"", ""List"", ""Mockito""]","[0.11627906976744186, 0.007839294463498285]","[6.128860083873428, 0.13424791768740812]"
org.mockitousage.spies.SpyingOnRealObjectsTest.shouldVerify,0.11627906976744186,0.06205918211547007,0.007839294463498285,0.12411836423094014,0.014688331956302213,0.030191817895725302,0.05421988765197179,6.128860083873428,3.131554000780418,0.13424791768740812,6.263108001560836,0.26274070440823744,0.9070759086523472,2.99730608309301,"[""SpyingOnRealObjectsTest"", ""List"", ""Mockito""]","[0.11627906976744186, 0.007839294463498285]","[6.128860083873428, 0.13424791768740812]"
org.mockitousage.spies.SpyingOnRealObjectsTest.shouldAllowSpyingAnonymousClasses,0.11627906976744186,0.06205918211547007,0.007839294463498285,0.12411836423094014,0.014688331956302213,0.030191817895725302,0.05421988765197179,6.128860083873428,3.131554000780418,0.13424791768740812,6.263108001560836,0.26274070440823744,0.9070759086523472,2.99730608309301,"[""Object"", ""Mockito"", ""SpyingOnRealObjectsTest"", ""SpyingOnRealObjectsTest$Foo"", ""SpyingOnRealObjectsTest$1""]","[0.11627906976744186, 0.007839294463498285]","[6.128860083873428, 0.13424791768740812]"
org.mockitousage.spies.SpyingOnRealObjectsTest.shouldBeAbleToMockObjectBecauseWhyNot,0.11627906976744186,0.06205918211547007,0.007839294463498285,0.12411836423094014,0.014688331956302213,0.030191817895725302,0.05421988765197179,6.128860083873428,3.131554000780418,0.13424791768740812,6.263108001560836,0.26274070440823744,0.9070759086523472,2.99730608309301,"[""SpyingOnRealObjectsTest"", ""Object"", ""Mockito""]","[0.11627906976744186, 0.007839294463498285]","[6.128860083873428, 0.13424791768740812]"
org.mockitousage.puzzlers.BridgeMethodPuzzleTest.shouldVerifyCorrectlyWhenBridgeMethodCalled,0.11627906976744186,0.06170671680999917,0.007134363852556481,0.12341343361999833,0.013443871835088507,0.0288023817098123,0.054572352957442685,6.128860083873428,3.10882163924151,0.08878319460959176,6.21764327848302,0.1750308768740598,0.7376583067799708,3.020038444631918,"[""BridgeMethodPuzzleTest"", ""StringBuilder"", ""BridgeMethodPuzzleTest$Sub"", ""Object"", ""Mockito"", ""BridgeMethodPuzzleTest$Super""]","[0.11627906976744186, 0.007134363852556481]","[6.128860083873428, 0.08878319460959176]"
org.mockitousage.verification.VerificationAfterDelayTest.shouldWaitTheFullTimeIfTheTestCouldPass,0.11627906976744186,0.04102418267610381,0.002717391304347826,0.12307254802831143,0.004823668131632543,0.010880087552342805,0.0532161318700532,6.128860083873428,2.1095294482476645,0.025815217391304348,6.328588344742993,0.06718924282281459,0.301899608349264,2.8427389738751105,"[""RuntimeException"", ""Mockito"", ""VerificationAfterDelayTest"", ""System"", ""VerificationAfterDelayTest$1"", ""VerificationAfterDelay"", ""Thread"", ""List""]","[0.11627906976744186, 0.004076086956521739, 0.002717391304347826]","[6.128860083873428, 0.17391304347826086, 0.025815217391304348]"
org.concurrentmockito.VerificationInOrderFromMultipleThreadsTest.shouldVerifyInOrderWhenMultipleThreadsInteractWithMock,0.11627906976744186,0.04096656658772823,0.0010626992561105207,0.1228996997631847,0.0026559882319290642,0.00882283895307161,0.05328559297420141,6.128860083873428,2.056526516026788,0.0005313496280552603,6.169579548080363,0.001573113484348992,0.05077141178628564,2.8796201926191003,"[""VerificationInOrderFromMultipleThreadsTest$Foo"", ""Object"", ""Mockito"", ""VerificationInOrderFromMultipleThreadsTest$2"", ""VerificationInOrderFromMultipleThreadsTest$1"", ""Thread"", ""VerificationInOrderFromMultipleThreadsTest"", ""InOrder""]","[0.11627906976744186, 0.0055579307396323215, 0.0010626992561105207]","[6.128860083873428, 0.040188114578879865, 0.0005313496280552603]"
org.mockitousage.junitrunner.JUnit45RunnerTest.shouldInitMocksUsingRunner,0.11627906976744186,0.06138628813047418,0.006493506493506494,0.12277257626094835,0.012300123001230012,0.02747833500403141,0.05489278163696768,6.128860083873428,3.1178765953832674,0.1068931068931069,6.235753190766535,0.21012149648528528,0.8094028021191788,3.0109834884901607,"[""JUnit45RunnerTest"", ""List"", ""Mockito""]","[0.11627906976744186, 0.006493506493506494]","[6.128860083873428, 0.1068931068931069]"
org.mockitousage.verification.DescriptiveMessagesWhenTimesXVerificationFailsTest.shouldVerifyActualNumberOfInvocationsSmallerThanWanted,0.11627906976744186,0.04084743184835857,0.0016722408026755853,0.1225422955450757,0.003638929934058179,0.009628724160463143,0.0533515308512172,6.128860083873428,2.056171926979404,0.003762541806020067,6.168515780938212,0.010210979066620197,0.09389105655390555,2.8798552870539456,"[""TooLittleActualInvocations"", ""DescriptiveMessagesWhenTimesXVerificationFailsTest"", ""LinkedList"", ""Mockito""]","[0.11627906976744186, 0.004590984974958264, 0.0016722408026755853]","[6.128860083873428, 0.03589315525876461, 0.003762541806020067]"
org.mockitousage.verification.DescriptiveMessagesWhenTimesXVerificationFailsTest.shouldVerifyActualNumberOfInvocationsLargerThanWanted,0.11627906976744186,0.04084743184835857,0.0016722408026755853,0.1225422955450757,0.003638929934058179,0.009628724160463143,0.0533515308512172,6.128860083873428,2.056171926979404,0.003762541806020067,6.168515780938212,0.010210979066620197,0.09389105655390555,2.8798552870539456,"[""DescriptiveMessagesWhenTimesXVerificationFailsTest"", ""TooManyActualInvocations"", ""LinkedList"", ""Mockito""]","[0.11627906976744186, 0.004590984974958264, 0.0016722408026755853]","[6.128860083873428, 0.03589315525876461, 0.003762541806020067]"
org.mockitousage.misuse.DescriptiveMessagesOnMisuseTest.shouldScreamNullPassedToVerify,0.11627906976744186,0.06117904856153248,0.0060790273556231,0.12235809712306496,0.011554015020219527,0.026586907417048087,0.05510002120590938,6.128860083873428,3.112845152661855,0.09683022145028224,6.22569030532371,0.19064837794831557,0.7703628230640802,3.0160149312115725,"[""DescriptiveMessagesOnMisuseTest"", ""Mockito""]","[0.11627906976744186, 0.0060790273556231]","[6.128860083873428, 0.09683022145028224]"
org.mockitousage.misuse.DescriptiveMessagesOnMisuseTest.shouldScreamWhenInOrderCreatedWithNulls,0.11627906976744186,0.06117904856153248,0.0060790273556231,0.12235809712306496,0.011554015020219527,0.026586907417048087,0.05510002120590938,6.128860083873428,3.112845152661855,0.09683022145028224,6.22569030532371,0.19064837794831557,0.7703628230640802,3.0160149312115725,"[""DescriptiveMessagesOnMisuseTest"", ""Mockito""]","[0.11627906976744186, 0.0060790273556231]","[6.128860083873428, 0.09683022145028224]"
org.mockitousage.misuse.DescriptiveMessagesOnMisuseTest.shouldScreamWhenInOrderCreatedWithDodgyMock,0.11627906976744186,0.06117904856153248,0.0060790273556231,0.12235809712306496,0.011554015020219527,0.026586907417048087,0.05510002120590938,6.128860083873428,3.112845152661855,0.09683022145028224,6.22569030532371,0.19064837794831557,0.7703628230640802,3.0160149312115725,"[""DescriptiveMessagesOnMisuseTest"", ""Mockito""]","[0.11627906976744186, 0.0060790273556231]","[6.128860083873428, 0.09683022145028224]"
org.mockitousage.misuse.DescriptiveMessagesOnMisuseTest.shouldScreamWhenNullPassedToVerifyNoMoreInteractions,0.11627906976744186,0.06117904856153248,0.0060790273556231,0.12235809712306496,0.011554015020219527,0.026586907417048087,0.05510002120590938,6.128860083873428,3.112845152661855,0.09683022145028224,6.22569030532371,0.19064837794831557,0.7703628230640802,3.0160149312115725,"[""DescriptiveMessagesOnMisuseTest"", ""Mockito""]","[0.11627906976744186, 0.0060790273556231]","[6.128860083873428, 0.09683022145028224]"
org.mockitousage.misuse.DescriptiveMessagesOnMisuseTest.tryDescriptiveMessagesOnMisuse,0.11627906976744186,0.06117904856153248,0.0060790273556231,0.12235809712306496,0.011554015020219527,0.026586907417048087,0.05510002120590938,6.128860083873428,3.112845152661855,0.09683022145028224,6.22569030532371,0.19064837794831557,0.7703628230640802,3.0160149312115725,"[""DescriptiveMessagesOnMisuseTest"", ""Mockito""]","[0.11627906976744186, 0.0060790273556231]","[6.128860083873428, 0.09683022145028224]"
org.mockitousage.misuse.DescriptiveMessagesOnMisuseTest.shouldScreamWhenNotMockPassedToVerifyNoMoreInteractions,0.11627906976744186,0.06117904856153248,0.0060790273556231,0.12235809712306496,0.011554015020219527,0.026586907417048087,0.05510002120590938,6.128860083873428,3.112845152661855,0.09683022145028224,6.22569030532371,0.19064837794831557,0.7703628230640802,3.0160149312115725,"[""DescriptiveMessagesOnMisuseTest"", ""Mockito""]","[0.11627906976744186, 0.0060790273556231]","[6.128860083873428, 0.09683022145028224]"
org.mockitousage.verification.BasicVerificationInOrderTest.shouldFailOnVerifyZeroInteractions,0.11627906976744186,0.06113226682044603,0.005985463873450192,0.12226453364089206,0.011384890623729365,0.02638151192277308,0.05514680294699583,6.128860083873428,3.1225745481359444,0.11628901239846089,6.245149096271889,0.22824726048812977,0.8442269163453562,3.0062855357374834,"[""BasicVerificationInOrderTest"", ""Mockito""]","[0.11627906976744186, 0.005985463873450192]","[6.128860083873428, 0.11628901239846089]"
org.mockitousage.verification.BasicVerificationInOrderTest.shouldScreamWhenNullPassed,0.11627906976744186,0.06113226682044603,0.005985463873450192,0.12226453364089206,0.011384890623729365,0.02638151192277308,0.05514680294699583,6.128860083873428,3.1225745481359444,0.11628901239846089,6.245149096271889,0.22824726048812977,0.8442269163453562,3.0062855357374834,"[""BasicVerificationInOrderTest"", ""Mockito""]","[0.11627906976744186, 0.005985463873450192]","[6.128860083873428, 0.11628901239846089]"
org.mockitousage.verification.VerificationOnMultipleMocksUsingMatchersTest.shouldVerifyUsingMatchers,0.11627906976744186,0.06101861357853859,0.005758157389635317,0.12203722715707718,0.01097293343087052,0.02587572578385611,0.05526045618890327,6.128860083873428,3.0893820572918003,0.04990403071017274,6.1787641145836005,0.09900194154428683,0.5530414286868313,3.0394780265816275,"[""VerificationOnMultipleMocksUsingMatchersTest"", ""Mockito"", ""HashMap"", ""Integer"", ""List""]","[0.11627906976744186, 0.005758157389635317]","[6.128860083873428, 0.04990403071017274]"
org.mockitousage.verification.VerificationOnMultipleMocksUsingMatchersTest.shouldVerifyMultipleMocks,0.11627906976744186,0.06101861357853859,0.005758157389635317,0.12203722715707718,0.01097293343087052,0.02587572578385611,0.05526045618890327,6.128860083873428,3.0893820572918003,0.04990403071017274,6.1787641145836005,0.09900194154428683,0.5530414286868313,3.0394780265816275,"[""VerificationOnMultipleMocksUsingMatchersTest"", ""Map"", ""Mockito"", ""Integer"", ""List""]","[0.11627906976744186, 0.005758157389635317]","[6.128860083873428, 0.04990403071017274]"
org.mockitousage.junitrunner.JUnit44RunnerTest.shouldInitMocksUsingRunner,0.11627906976744186,0.0608406153158938,0.005402160864345739,0.1216812306317876,0.01032465297694161,0.025063085205939882,0.05543845445154806,6.128860083873428,3.134358013125189,0.1398559423769508,6.268716026250378,0.27347147298975777,0.9258280092579809,2.9945020707482386,"[""JUnit44RunnerTest"", ""List"", ""Mockito""]","[0.11627906976744186, 0.005402160864345739]","[6.128860083873428, 0.1398559423769508]"
org.mockito.internal.util.collections.HashCodeAndEqualsSafeSetTest.can_remove_a_collection,0.11627906976744186,0.04044489383215369,0.0020222446916076846,0.12133468149646107,0.0036024496657727253,0.008934839153087579,0.053624448851481446,6.128860083873428,2.044301524418881,0.0,6.132904573256643,0.00808364429752598,0.15744240070717458,3.0624077972451063,"[""HashCodeAndEqualsSafeSet"", ""HashCodeAndEqualsSafeSetTest"", ""Mockito""]","[0.11627906976744186, 0.003033367037411527, 0.0020222446916076846]","[6.128860083873428, 0.004044489383215369, 0.0]"
org.mockito.internal.util.collections.HashCodeAndEqualsSafeSetTest.toArray_just_work,0.11627906976744186,0.04044489383215369,0.0020222446916076846,0.12133468149646107,0.0036024496657727253,0.008934839153087579,0.053624448851481446,6.128860083873428,2.044301524418881,0.0,6.132904573256643,0.00808364429752598,0.15744240070717458,3.0624077972451063,"[""HashCodeAndEqualsSafeSet"", ""HashCodeAndEqualsSafeSetTest"", ""Mockito""]","[0.11627906976744186, 0.003033367037411527, 0.0020222446916076846]","[6.128860083873428, 0.004044489383215369, 0.0]"
org.mockito.internal.util.collections.HashCodeAndEqualsSafeSetTest.can_add_a_collection,0.11627906976744186,0.04044489383215369,0.0020222446916076846,0.12133468149646107,0.0036024496657727253,0.008934839153087579,0.053624448851481446,6.128860083873428,2.044301524418881,0.0,6.132904573256643,0.00808364429752598,0.15744240070717458,3.0624077972451063,"[""HashCodeAndEqualsSafeSet"", ""HashCodeAndEqualsSafeSetTest"", ""Mockito""]","[0.11627906976744186, 0.003033367037411527, 0.0020222446916076846]","[6.128860083873428, 0.004044489383215369, 0.0]"
org.mockito.internal.util.collections.HashCodeAndEqualsSafeSetTest.can_retain_a_collection,0.11627906976744186,0.04044489383215369,0.0020222446916076846,0.12133468149646107,0.0036024496657727253,0.008934839153087579,0.053624448851481446,6.128860083873428,2.044301524418881,0.0,6.132904573256643,0.00808364429752598,0.15744240070717458,3.0624077972451063,"[""HashCodeAndEqualsSafeSet"", ""HashCodeAndEqualsSafeSetTest"", ""Mockito""]","[0.11627906976744186, 0.003033367037411527, 0.0020222446916076846]","[6.128860083873428, 0.004044489383215369, 0.0]"
org.mockito.internal.util.collections.HashCodeAndEqualsSafeSetTest.can_iterate,0.11627906976744186,0.04044489383215369,0.0020222446916076846,0.12133468149646107,0.0036024496657727253,0.008934839153087579,0.053624448851481446,6.128860083873428,2.044301524418881,0.0,6.132904573256643,0.00808364429752598,0.15744240070717458,3.0624077972451063,"[""Mockito"", ""HashCodeAndEqualsSafeSetTest"", ""LinkedList"", ""HashCodeAndEqualsSafeSet"", ""Iterator""]","[0.11627906976744186, 0.003033367037411527, 0.0020222446916076846]","[6.128860083873428, 0.004044489383215369, 0.0]"
org.mockito.internal.util.collections.HashCodeAndEqualsSafeSetTest.can_remove,0.11627906976744186,0.04044489383215369,0.0020222446916076846,0.12133468149646107,0.0036024496657727253,0.008934839153087579,0.053624448851481446,6.128860083873428,2.044301524418881,0.0,6.132904573256643,0.00808364429752598,0.15744240070717458,3.0624077972451063,"[""HashCodeAndEqualsSafeSet"", ""HashCodeAndEqualsSafeSetTest"", ""Mockito""]","[0.11627906976744186, 0.003033367037411527, 0.0020222446916076846]","[6.128860083873428, 0.004044489383215369, 0.0]"
org.mockitousage.spies.PartialMockingWithSpiesTest.shouldVerify,0.11627906976744186,0.060560842389774196,0.004842615012106538,0.12112168477954839,0.009298000929800094,0.023729617966785677,0.05571822737766766,6.128860083873428,3.102565635157053,0.07627118644067797,6.205131270314106,0.1506673782591151,0.6837071230621629,3.026294448716375,"[""Object"", ""RuntimeException"", ""PartialMockingWithSpiesTest$Name"", ""Mockito"", ""PartialMockingWithSpiesTest$InheritMe"", ""PartialMockingWithSpiesTest$Person"", ""PartialMockingWithSpiesTest""]","[0.11627906976744186, 0.004842615012106538]","[6.128860083873428, 0.07627118644067797]"
org.mockitousage.misuse.DetectingFinalMethodsTest.shouldFailWithUnfinishedVerification,0.11627906976744186,0.06054209761730342,0.004805125467164976,0.12108419523460684,0.00922887612797375,0.023637587005398576,0.05573697215013844,6.128860083873428,3.097798968792026,0.06673785371062467,6.195597937584052,0.1320379313864676,0.6395521618214043,3.0310611150814015,"[""Mockito"", ""Object"", ""DetectingFinalMethodsTest"", ""DetectingFinalMethodsTest$WithFinal""]","[0.11627906976744186, 0.004805125467164976]","[6.128860083873428, 0.06673785371062467]"
org.mockitousage.basicapi.MocksCreationTest.shouldCreateMockWhenConstructorIsPrivate,0.11627906976744186,0.06052503106692703,0.004770992366412214,0.12105006213385407,0.00916590284142988,0.023553482847213463,0.05575403870051482,6.128860083873428,3.100689583921447,0.07251908396946564,6.201379167842894,0.14334208795496872,0.6666778225346359,3.028170499951981,"[""MocksCreationTest"", ""Mockito""]","[0.11627906976744186, 0.004770992366412214]","[6.128860083873428, 0.07251908396946564]"
org.mockitousage.misuse.RestrictedObjectMethodsTest.shouldBeSilentWhenVerifyHashCode,0.11627906976744186,0.06052427256257625,0.0047694753577106515,0.1210485451251525,0.00916310323762981,0.023549737957636215,0.055754797204865605,6.128860083873428,3.092251981523359,0.05564387917329094,6.184503963046718,0.11028646824863635,0.5839807787736329,3.036608102350068,"[""RestrictedObjectMethodsTest"", ""List"", ""Mockito""]","[0.11627906976744186, 0.0047694753577106515]","[6.128860083873428, 0.05564387917329094]"
org.mockitousage.misuse.RestrictedObjectMethodsTest.shouldBeSilentWhenVerifyEquals,0.11627906976744186,0.06052427256257625,0.0047694753577106515,0.1210485451251525,0.00916310323762981,0.023549737957636215,0.055754797204865605,6.128860083873428,3.092251981523359,0.05564387917329094,6.184503963046718,0.11028646824863635,0.5839807787736329,3.036608102350068,"[""RestrictedObjectMethodsTest"", ""List"", ""Mockito""]","[0.11627906976744186, 0.0047694753577106515]","[6.128860083873428, 0.05564387917329094]"
org.mockitousage.matchers.ReflectionMatchersTest.shouldMatchWhenFieldValuesEqual,0.11627906976744186,0.060518427617284945,0.004757785467128028,0.12103685523456989,0.009141527466134796,0.02352086027913734,0.055760642150156914,6.128860083873428,3.0923279658121463,0.05579584775086505,6.184655931624293,0.11058495344181406,0.5847776877807119,3.0365321180612814,"[""Object"", ""Mockito"", ""ReflectionMatchersTest"", ""ReflectionMatchersTest$Child"", ""ReflectionMatchersTest$MockMe"", ""ReflectionMatchersTest$Parent""]","[0.11627906976744186, 0.004757785467128028]","[6.128860083873428, 0.05579584775086505]"
org.mockitousage.matchers.ReflectionMatchersTest.shouldNotMatchAgain,0.11627906976744186,0.060518427617284945,0.004757785467128028,0.12103685523456989,0.009141527466134796,0.02352086027913734,0.055760642150156914,6.128860083873428,3.0923279658121463,0.05579584775086505,6.184655931624293,0.11058495344181406,0.5847776877807119,3.0365321180612814,"[""Object"", ""Mockito"", ""ReflectionMatchersTest"", ""ReflectionMatchersTest$Child"", ""ReflectionMatchersTest$MockMe"", ""ReflectionMatchersTest$Parent""]","[0.11627906976744186, 0.004757785467128028]","[6.128860083873428, 0.05579584775086505]"
org.mockitousage.matchers.ReflectionMatchersTest.shouldNotMatchWhenFieldValuesDiffer,0.11627906976744186,0.060518427617284945,0.004757785467128028,0.12103685523456989,0.009141527466134796,0.02352086027913734,0.055760642150156914,6.128860083873428,3.0923279658121463,0.05579584775086505,6.184655931624293,0.11058495344181406,0.5847776877807119,3.0365321180612814,"[""Object"", ""Mockito"", ""ReflectionMatchersTest"", ""ReflectionMatchersTest$Child"", ""ReflectionMatchersTest$MockMe"", ""ReflectionMatchersTest$Parent""]","[0.11627906976744186, 0.004757785467128028]","[6.128860083873428, 0.05579584775086505]"
org.mockitousage.matchers.ReflectionMatchersTest.shouldMatchWhenFieldValuesEqualWithTwoFieldsExcluded,0.11627906976744186,0.060518427617284945,0.004757785467128028,0.12103685523456989,0.009141527466134796,0.02352086027913734,0.055760642150156914,6.128860083873428,3.0923279658121463,0.05579584775086505,6.184655931624293,0.11058495344181406,0.5847776877807119,3.0365321180612814,"[""Object"", ""Mockito"", ""ReflectionMatchersTest"", ""ReflectionMatchersTest$Child"", ""ReflectionMatchersTest$MockMe"", ""ReflectionMatchersTest$Parent""]","[0.11627906976744186, 0.004757785467128028]","[6.128860083873428, 0.05579584775086505]"
org.mockitousage.matchers.ReflectionMatchersTest.shouldMatchWhenFieldValuesEqualWithOneFieldExcluded,0.11627906976744186,0.060518427617284945,0.004757785467128028,0.12103685523456989,0.009141527466134796,0.02352086027913734,0.055760642150156914,6.128860083873428,3.0923279658121463,0.05579584775086505,6.184655931624293,0.11058495344181406,0.5847776877807119,3.0365321180612814,"[""Object"", ""Mockito"", ""ReflectionMatchersTest"", ""ReflectionMatchersTest$Child"", ""ReflectionMatchersTest$MockMe"", ""ReflectionMatchersTest$Parent""]","[0.11627906976744186, 0.004757785467128028]","[6.128860083873428, 0.05579584775086505]"
org.mockitousage.matchers.ReflectionMatchersTest.shouldNotMatchYetAgain,0.11627906976744186,0.060518427617284945,0.004757785467128028,0.12103685523456989,0.009141527466134796,0.02352086027913734,0.055760642150156914,6.128860083873428,3.0923279658121463,0.05579584775086505,6.184655931624293,0.11058495344181406,0.5847776877807119,3.0365321180612814,"[""Object"", ""Mockito"", ""ReflectionMatchersTest"", ""ReflectionMatchersTest$Child"", ""ReflectionMatchersTest$MockMe"", ""ReflectionMatchersTest$Parent""]","[0.11627906976744186, 0.004757785467128028]","[6.128860083873428, 0.05579584775086505]"
org.mockitousage.matchers.ReflectionMatchersTest.shouldNotMatch,0.11627906976744186,0.060518427617284945,0.004757785467128028,0.12103685523456989,0.009141527466134796,0.02352086027913734,0.055760642150156914,6.128860083873428,3.0923279658121463,0.05579584775086505,6.184655931624293,0.11058495344181406,0.5847776877807119,3.0365321180612814,"[""Object"", ""Mockito"", ""ReflectionMatchersTest"", ""ReflectionMatchersTest$Child"", ""ReflectionMatchersTest$MockMe"", ""ReflectionMatchersTest$Parent""]","[0.11627906976744186, 0.004757785467128028]","[6.128860083873428, 0.05579584775086505]"
org.mockitousage.matchers.ReflectionMatchersTest.shouldNotMatchWithFieldsExclusion,0.11627906976744186,0.060518427617284945,0.004757785467128028,0.12103685523456989,0.009141527466134796,0.02352086027913734,0.055760642150156914,6.128860083873428,3.0923279658121463,0.05579584775086505,6.184655931624293,0.11058495344181406,0.5847776877807119,3.0365321180612814,"[""Object"", ""Mockito"", ""ReflectionMatchersTest"", ""ReflectionMatchersTest$Child"", ""ReflectionMatchersTest$MockMe"", ""ReflectionMatchersTest$Parent""]","[0.11627906976744186, 0.004757785467128028]","[6.128860083873428, 0.05579584775086505]"
org.mockito.internal.stubbing.defaultanswers.ReturnsGenericDeepStubsTest.can_still_work_with_raw_type_in_the_return_type,0.11627906976744186,0.060486952724096515,0.004694835680751174,0.12097390544819303,0.009025270758122744,0.02336474107857266,0.05579211704334534,6.128860083873428,3.2334441264437563,0.3380281690140845,6.466888252887513,0.640718463434157,1.4393496282332667,2.895415957429672,"[""ReturnsGenericDeepStubsTest$GenericsNest"", ""ReturnsGenericDeepStubsTest"", ""Number"", ""Mockito""]","[0.11627906976744186, 0.004694835680751174]","[6.128860083873428, 0.3380281690140845]"
org.mockito.internal.stubbing.defaultanswers.ReturnsGenericDeepStubsTest.can_create_mock_from_multiple_type_variable_bounds_when_method_return_type_is_referencing_a_typevar_on_class,0.11627906976744186,0.060486952724096515,0.004694835680751174,0.12097390544819303,0.009025270758122744,0.02336474107857266,0.05579211704334534,6.128860083873428,3.2334441264437563,0.3380281690140845,6.466888252887513,0.640718463434157,1.4393496282332667,2.895415957429672,"[""ReturnsGenericDeepStubsTest$GenericsNest"", ""ReturnsGenericDeepStubsTest"", ""Mockito""]","[0.11627906976744186, 0.004694835680751174]","[6.128860083873428, 0.3380281690140845]"
org.mockito.internal.stubbing.defaultanswers.ReturnsGenericDeepStubsTest.can_create_mock_from_return_types_declared_with_a_bounded_wildcard,0.11627906976744186,0.060486952724096515,0.004694835680751174,0.12097390544819303,0.009025270758122744,0.02336474107857266,0.05579211704334534,6.128860083873428,3.2334441264437563,0.3380281690140845,6.466888252887513,0.640718463434157,1.4393496282332667,2.895415957429672,"[""Mockito"", ""ReturnsGenericDeepStubsTest"", ""ReturnsGenericDeepStubsTest$GenericsNest"", ""Number"", ""List""]","[0.11627906976744186, 0.004694835680751174]","[6.128860083873428, 0.3380281690140845]"
org.mockito.internal.stubbing.defaultanswers.ReturnsGenericDeepStubsTest.generic_deep_mock_frenzy__look_at_these_chained_calls,0.11627906976744186,0.060486952724096515,0.004694835680751174,0.12097390544819303,0.009025270758122744,0.02336474107857266,0.05579211704334534,6.128860083873428,3.2334441264437563,0.3380281690140845,6.466888252887513,0.640718463434157,1.4393496282332667,2.895415957429672,"[""Mockito"", ""ReturnsGenericDeepStubsTest"", ""Set"", ""Map$Entry"", ""ReturnsGenericDeepStubsTest$GenericsNest"", ""Iterator""]","[0.11627906976744186, 0.004694835680751174]","[6.128860083873428, 0.3380281690140845]"
org.mockito.internal.stubbing.defaultanswers.ReturnsGenericDeepStubsTest.can_create_mock_from_multiple_type_variable_bounds_when_return_type_of_parameterized_method_is_a_typevar_that_is_referencing_a_typevar_on_class,0.11627906976744186,0.060486952724096515,0.004694835680751174,0.12097390544819303,0.009025270758122744,0.02336474107857266,0.05579211704334534,6.128860083873428,3.2334441264437563,0.3380281690140845,6.466888252887513,0.640718463434157,1.4393496282332667,2.895415957429672,"[""ReturnsGenericDeepStubsTest$GenericsNest"", ""ReturnsGenericDeepStubsTest"", ""Mockito""]","[0.11627906976744186, 0.004694835680751174]","[6.128860083873428, 0.3380281690140845]"
org.mockito.internal.stubbing.defaultanswers.ReturnsGenericDeepStubsTest.can_create_mock_from_multiple_type_variable_bounds_when_return_type_of_parameterized_method_is_a_parameterizedtype_that_is_referencing_a_typevar_on_class,0.11627906976744186,0.060486952724096515,0.004694835680751174,0.12097390544819303,0.009025270758122744,0.02336474107857266,0.05579211704334534,6.128860083873428,3.2334441264437563,0.3380281690140845,6.466888252887513,0.640718463434157,1.4393496282332667,2.895415957429672,"[""ReturnsGenericDeepStubsTest$GenericsNest"", ""ReturnsGenericDeepStubsTest"", ""List"", ""Mockito""]","[0.11627906976744186, 0.004694835680751174]","[6.128860083873428, 0.3380281690140845]"
org.mockito.internal.stubbing.defaultanswers.ReturnsGenericDeepStubsTest.will_return_default_value_on_non_mockable_nested_generic,0.11627906976744186,0.060486952724096515,0.004694835680751174,0.12097390544819303,0.009025270758122744,0.02336474107857266,0.05579211704334534,6.128860083873428,3.2334441264437563,0.3380281690140845,6.466888252887513,0.640718463434157,1.4393496282332667,2.895415957429672,"[""ReturnsGenericDeepStubsTest$ListOfInteger"", ""Map"", ""Mockito"", ""ReturnsGenericDeepStubsTest"", ""Set"", ""ReturnsGenericDeepStubsTest$GenericsNest"", ""Iterator""]","[0.11627906976744186, 0.004694835680751174]","[6.128860083873428, 0.3380281690140845]"
org.mockitousage.bugs.CovariantOverrideTest.returnFoo4,0.11627906976744186,0.06043461685093404,0.0045901639344262295,0.12086923370186808,0.008831693161746153,0.02310281351643438,0.05584445291650781,6.128860083873428,3.070331681280976,0.01180327868852459,6.140663362561952,0.023561182022767958,0.2689621601878827,3.0585284025924517,"[""CovariantOverrideTest$ReturnsString"", ""CovariantOverrideTest$ReturnsObject"", ""CovariantOverrideTest"", ""Mockito""]","[0.11627906976744186, 0.0045901639344262295]","[6.128860083873428, 0.01180327868852459]"
org.mockitousage.bugs.ShouldMocksCompareToBeConsistentWithEqualsTest.should_compare_to_be_consistent_with_equals_when_comparing_the_same_reference,0.11627906976744186,0.06031344792719919,0.004347826086956522,0.12062689585439838,0.008382229673093043,0.0224846875206644,0.05596562184024267,6.128860083873428,3.075299607154105,0.021739130434782608,6.15059921430821,0.04332458810514217,0.36501518979332503,3.0535604767193223,"[""TreeSet"", ""ShouldMocksCompareToBeConsistentWithEqualsTest"", ""Set"", ""Mockito""]","[0.11627906976744186, 0.004347826086956522]","[6.128860083873428, 0.021739130434782608]"
org.mockitousage.bugs.ShouldMocksCompareToBeConsistentWithEqualsTest.should_reset_not_remove_default_stubbing,0.11627906976744186,0.06031344792719919,0.004347826086956522,0.12062689585439838,0.008382229673093043,0.0224846875206644,0.05596562184024267,6.128860083873428,3.075299607154105,0.021739130434782608,6.15059921430821,0.04332458810514217,0.36501518979332503,3.0535604767193223,"[""ShouldMocksCompareToBeConsistentWithEqualsTest"", ""Date"", ""Mockito""]","[0.11627906976744186, 0.004347826086956522]","[6.128860083873428, 0.021739130434782608]"
org.mockitousage.bugs.ShouldMocksCompareToBeConsistentWithEqualsTest.should_compare_to_be_consistent_with_equals,0.11627906976744186,0.06031344792719919,0.004347826086956522,0.12062689585439838,0.008382229673093043,0.0224846875206644,0.05596562184024267,6.128860083873428,3.075299607154105,0.021739130434782608,6.15059921430821,0.04332458810514217,0.36501518979332503,3.0535604767193223,"[""TreeSet"", ""ShouldMocksCompareToBeConsistentWithEqualsTest"", ""Set"", ""Mockito""]","[0.11627906976744186, 0.004347826086956522]","[6.128860083873428, 0.021739130434782608]"
org.mockitousage.verification.AtMostXVerificationTest.shouldDetectUnverifiedInMarkInteractionsAsVerified,0.11627906976744186,0.040207086201379055,0.001254180602006689,0.12062125860413717,0.002655415572537102,0.007665021181397825,0.053796225045400686,6.128860083873428,2.0741870986130673,0.0020903010033444815,6.222561295839202,0.006128967038282439,0.10548205429474544,2.8673196831363823,"[""NoInteractionsWanted"", ""Mockito"", ""AtMostXVerificationTest"", ""List""]","[0.11627906976744186, 0.003088008234688626, 0.001254180602006689]","[6.128860083873428, 0.09161091096242924, 0.0020903010033444815]"
org.mockitousage.stubbing.CallingRealMethodTest.shouldCallRealMethodByDefault,0.11627906976744186,0.06019714805244521,0.00411522633744856,0.12039429610489041,0.007949125596184421,0.021874978637726614,0.056081921714996645,6.128860083873428,3.115576426416432,0.10229276895943562,6.231152852832864,0.20122699068739663,0.7917942084559422,3.013283657456996,"[""CallingRealMethodTest"", ""CallingRealMethodTest$TestedObject"", ""Object"", ""Mockito""]","[0.11627906976744186, 0.00411522633744856]","[6.128860083873428, 0.10229276895943562]"
org.mockitousage.bugs.varargs.VarargsNotPlayingWithAnyObjectTest.shouldMatchAnyVararg,0.11627906976744186,0.06015218583254209,0.0040253018976423235,0.12030437166508418,0.007781236104935528,0.021634656461126618,0.05612688393489977,6.128860083873428,3.085706637681395,0.0425531914893617,6.17141327536279,0.08451955658252039,0.5106883166478076,3.043153446192033,"[""Mockito"", ""VarargsNotPlayingWithAnyObjectTest$VarargMethod"", ""VarargsNotPlayingWithAnyObjectTest""]","[0.11627906976744186, 0.0040253018976423235]","[6.128860083873428, 0.0425531914893617]"
org.mockitousage.bugs.varargs.VarargsNotPlayingWithAnyObjectTest.shouldNotAllowUsingAnyObjectForVarArgs,0.11627906976744186,0.06015218583254209,0.0040253018976423235,0.12030437166508418,0.007781236104935528,0.021634656461126618,0.05612688393489977,6.128860083873428,3.085706637681395,0.0425531914893617,6.17141327536279,0.08451955658252039,0.5106883166478076,3.043153446192033,"[""Mockito"", ""VarargsNotPlayingWithAnyObjectTest$VarargMethod"", ""VarargsNotPlayingWithAnyObjectTest""]","[0.11627906976744186, 0.0040253018976423235]","[6.128860083873428, 0.0425531914893617]"
org.mockitousage.bugs.varargs.VarargsAndAnyObjectPicksUpExtraInvocationsTest.shouldVerifyCorrectlyNumberOfInvocationsUsingAnyVarargAndEqualArgument,0.11627906976744186,0.060060149480391865,0.0038412291933418692,0.12012029896078373,0.007436787307882993,0.021134203494935257,0.056218920287049994,6.128860083873428,3.0833160854706447,0.03777208706786172,6.1666321709412895,0.07508144812194066,0.4811442992645859,3.045543998402783,"[""VarargsAndAnyObjectPicksUpExtraInvocationsTest$TableBuilder"", ""VarargsAndAnyObjectPicksUpExtraInvocationsTest"", ""Mockito""]","[0.11627906976744186, 0.0038412291933418692]","[6.128860083873428, 0.03777208706786172]"
org.mockitousage.bugs.varargs.VarargsAndAnyObjectPicksUpExtraInvocationsTest.shouldVerifyCorrectlyWithAnyVarargs,0.11627906976744186,0.060060149480391865,0.0038412291933418692,0.12012029896078373,0.007436787307882993,0.021134203494935257,0.056218920287049994,6.128860083873428,3.0833160854706447,0.03777208706786172,6.1666321709412895,0.07508144812194066,0.4811442992645859,3.045543998402783,"[""VarargsAndAnyObjectPicksUpExtraInvocationsTest$TableBuilder"", ""VarargsAndAnyObjectPicksUpExtraInvocationsTest"", ""Mockito""]","[0.11627906976744186, 0.0038412291933418692]","[6.128860083873428, 0.03777208706786172]"
org.mockitousage.bugs.varargs.VarargsAndAnyObjectPicksUpExtraInvocationsTest.shouldVerifyCorrectlyNumberOfInvocationsWithVarargs,0.11627906976744186,0.060060149480391865,0.0038412291933418692,0.12012029896078373,0.007436787307882993,0.021134203494935257,0.056218920287049994,6.128860083873428,3.0833160854706447,0.03777208706786172,6.1666321709412895,0.07508144812194066,0.4811442992645859,3.045543998402783,"[""VarargsAndAnyObjectPicksUpExtraInvocationsTest$TableBuilder"", ""VarargsAndAnyObjectPicksUpExtraInvocationsTest"", ""Mockito""]","[0.11627906976744186, 0.0038412291933418692]","[6.128860083873428, 0.03777208706786172]"
org.mockitousage.puzzlers.OverloadingPuzzleTest.shouldUseArgumentTypeWhenOverloadingPuzzleDetected,0.11627906976744186,0.05990944638814571,0.0035398230088495575,0.11981889277629142,0.006870491240123669,0.02028810800963002,0.05636962337929615,6.128860083873428,3.099385794149103,0.06991150442477877,6.198771588298206,0.13824604529111234,0.6545821788534784,3.0294742897243245,"[""Mockito"", ""OverloadingPuzzleTest$Super"", ""OverloadingPuzzleTest"", ""OverloadingPuzzleTest$Sub""]","[0.11627906976744186, 0.0035398230088495575]","[6.128860083873428, 0.06991150442477877]"
org.mockitousage.verification.OnlyVerificationTest.shouldFailIfMethodWasInvokedButWithDifferentArguments,0.11627906976744186,0.05982758349952107,0.00337609723160027,0.11965516699904213,0.006561679790026247,0.019813365325832846,0.0564514862679208,6.128860083873428,3.1083193059475174,0.08777852802160702,6.216638611895035,0.1730782019670266,0.7334727783720351,3.0205407779259104,"[""OnlyVerificationTest"", ""List"", ""Mockito""]","[0.11627906976744186, 0.00337609723160027]","[6.128860083873428, 0.08777852802160702]"
org.mockitousage.verification.OnlyVerificationTest.shouldVerifyMethodWasInvokedExclusively,0.11627906976744186,0.05982758349952107,0.00337609723160027,0.11965516699904213,0.006561679790026247,0.019813365325832846,0.0564514862679208,6.128860083873428,3.1083193059475174,0.08777852802160702,6.216638611895035,0.1730782019670266,0.7334727783720351,3.0205407779259104,"[""OnlyVerificationTest"", ""List"", ""Mockito""]","[0.11627906976744186, 0.00337609723160027]","[6.128860083873428, 0.08777852802160702]"
org.mockitousage.verification.OnlyVerificationTest.shouldVerifyMethodWasInvokedExclusivelyWhenTwoMocksInUse,0.11627906976744186,0.05982758349952107,0.00337609723160027,0.11965516699904213,0.006561679790026247,0.019813365325832846,0.0564514862679208,6.128860083873428,3.1083193059475174,0.08777852802160702,6.216638611895035,0.1730782019670266,0.7334727783720351,3.0205407779259104,"[""OnlyVerificationTest"", ""List"", ""Mockito""]","[0.11627906976744186, 0.00337609723160027]","[6.128860083873428, 0.08777852802160702]"
org.mockitousage.verification.OnlyVerificationTest.shouldFailIfMethodWasNotInvoked,0.11627906976744186,0.05982758349952107,0.00337609723160027,0.11965516699904213,0.006561679790026247,0.019813365325832846,0.0564514862679208,6.128860083873428,3.1083193059475174,0.08777852802160702,6.216638611895035,0.1730782019670266,0.7334727783720351,3.0205407779259104,"[""OnlyVerificationTest"", ""List"", ""Mockito""]","[0.11627906976744186, 0.00337609723160027]","[6.128860083873428, 0.08777852802160702]"
org.mockitousage.verification.OnlyVerificationTest.shouldFailIfExtraMethodWithDifferentArgsFound,0.11627906976744186,0.05982758349952107,0.00337609723160027,0.11965516699904213,0.006561679790026247,0.019813365325832846,0.0564514862679208,6.128860083873428,3.1083193059475174,0.08777852802160702,6.216638611895035,0.1730782019670266,0.7334727783720351,3.0205407779259104,"[""OnlyVerificationTest"", ""List"", ""Mockito""]","[0.11627906976744186, 0.00337609723160027]","[6.128860083873428, 0.08777852802160702]"
org.mockitousage.verification.OnlyVerificationTest.shouldFailIfMethodWasInvokedMoreThanOnce,0.11627906976744186,0.05982758349952107,0.00337609723160027,0.11965516699904213,0.006561679790026247,0.019813365325832846,0.0564514862679208,6.128860083873428,3.1083193059475174,0.08777852802160702,6.216638611895035,0.1730782019670266,0.7334727783720351,3.0205407779259104,"[""OnlyVerificationTest"", ""List"", ""Mockito""]","[0.11627906976744186, 0.00337609723160027]","[6.128860083873428, 0.08777852802160702]"
org.mockitousage.verification.AtMostXVerificationTest.shouldWorkWithArgumentMatchers,0.11627906976744186,0.05968353900106524,0.003088008234688626,0.11936707800213048,0.006016243858417728,0.018949161589996367,0.05659553076637661,6.128860083873428,3.1102354974179285,0.09161091096242924,6.220470994835857,0.18052345422429897,0.7493133226127207,3.0186245864554992,"[""AtMostXVerificationTest"", ""List"", ""Mockito""]","[0.11627906976744186, 0.003088008234688626]","[6.128860083873428, 0.09161091096242924]"
org.mockitousage.verification.AtMostXVerificationTest.shouldMarkInteractionsAsVerified,0.11627906976744186,0.05968353900106524,0.003088008234688626,0.11936707800213048,0.006016243858417728,0.018949161589996367,0.05659553076637661,6.128860083873428,3.1102354974179285,0.09161091096242924,6.220470994835857,0.18052345422429897,0.7493133226127207,3.0186245864554992,"[""AtMostXVerificationTest"", ""List"", ""Mockito""]","[0.11627906976744186, 0.003088008234688626]","[6.128860083873428, 0.09161091096242924]"
org.mockitousage.verification.AtMostXVerificationTest.shouldVerifyAtMostXTimes,0.11627906976744186,0.05968353900106524,0.003088008234688626,0.11936707800213048,0.006016243858417728,0.018949161589996367,0.05659553076637661,6.128860083873428,3.1102354974179285,0.09161091096242924,6.220470994835857,0.18052345422429897,0.7493133226127207,3.0186245864554992,"[""AtMostXVerificationTest"", ""List"", ""Mockito""]","[0.11627906976744186, 0.003088008234688626]","[6.128860083873428, 0.09161091096242924]"
org.mockitousage.verification.VerificationExcludingStubsTest.shouldIgnoringStubsDetectNulls,0.11627906976744186,0.05952457643496747,0.002770083102493075,0.11904915286993493,0.005411255411255411,0.017947219459749305,0.05675449333247439,6.128860083873428,3.0912075119274802,0.05355493998153278,6.1824150238549604,0.1061820446154356,0.5729142465911049,3.0376525719459475,"[""VerificationExcludingStubsTest"", ""Mockito""]","[0.11627906976744186, 0.002770083102493075]","[6.128860083873428, 0.05355493998153278]"
org.mockitousage.verification.VerificationExcludingStubsTest.shouldIgnoringStubsDetectNonMocks,0.11627906976744186,0.05952457643496747,0.002770083102493075,0.11904915286993493,0.005411255411255411,0.017947219459749305,0.05675449333247439,6.128860083873428,3.0912075119274802,0.05355493998153278,6.1824150238549604,0.1061820446154356,0.5729142465911049,3.0376525719459475,"[""Object"", ""VerificationExcludingStubsTest"", ""Mockito""]","[0.11627906976744186, 0.002770083102493075]","[6.128860083873428, 0.05355493998153278]"
org.mockitousage.bugs.DeepStubsWronglyReportsSerializationProblemsTest.should_not_raise_a_mockito_exception_about_serialization_when_accessing_deep_stub,0.11627906976744186,0.059469322117763485,0.0026595744680851063,0.11893864423552697,0.005200208008320333,0.017585586288951963,0.056809747649678374,6.128860083873428,3.064430041936714,0.0,6.128860083873428,6.128860083873428,6.128860083873429,0.0,"[""DeepStubsWronglyReportsSerializationProblemsTest$ToBeDeepStubbed"", ""Object"", ""Mockito"", ""DeepStubsWronglyReportsSerializationProblemsTest""]","[0.11627906976744186, 0.0026595744680851063]","[6.128860083873428, 0.0]"
org.mockitousage.bugs.NPEOnAnyClassMatcherAutounboxTest.shouldNotThrowNPE,0.11627906976744186,0.059418307262237555,0.0025575447570332483,0.11883661452447511,0.005005005005005006,0.017244968113522982,0.056860762505204304,6.128860083873428,3.0657088143152307,0.0025575447570332483,6.131417628630461,0.005112955901391449,0.12519917721015916,3.063151269558197,"[""NPEOnAnyClassMatcherAutounboxTest$Foo"", ""Long"", ""NPEOnAnyClassMatcherAutounboxTest"", ""Mockito""]","[0.11627906976744186, 0.0025575447570332483]","[6.128860083873428, 0.0025575447570332483]"
org.mockitousage.spies.StubbingSpiesDoesNotYieldNPETest.shouldNotThrowNPE,0.11627906976744186,0.059277191311479745,0.0022753128555176336,0.11855438262295949,0.004463289444320464,0.01626564669078646,0.057001878455962114,6.128860083873428,3.089458483347408,0.05005688282138794,6.178916966694816,0.09930272010476326,0.5538877422791861,3.03940160052602,"[""StubbingSpiesDoesNotYieldNPETest"", ""Object"", ""String"", ""Mockito"", ""Map"", ""Collection"", ""StubbingSpiesDoesNotYieldNPETest$Foo""]","[0.11627906976744186, 0.0022753128555176336]","[6.128860083873428, 0.05005688282138794]"
org.mockitousage.packageprotected.MockingPackageProtectedTest.shouldMockPackageProtectedClasses,0.11627906976744186,0.0590973892898512,0.0019157088122605363,0.1181947785797024,0.003769317753486619,0.014925040657731762,0.05718168047759066,6.128860083873428,3.066345750748974,0.0038314176245210726,6.132691501497948,0.007658047869468298,0.15323910252796555,3.0625143331244535,"[""MockingPackageProtectedTest"", ""Mockito""]","[0.11627906976744186, 0.0019157088122605363]","[6.128860083873428, 0.0038314176245210726]"
org.mockitousage.misuse.ExplicitFrameworkValidationTest.shouldDetectMisplacedArgumentMatcher,0.11627906976744186,0.05902344767099259,0.0017678255745433118,0.11804689534198518,0.003482702577199907,0.014337402600157034,0.05725562209644927,6.128860083873428,3.067081780298529,0.005303476723629935,6.134163560597058,0.010597782884694908,0.18028939735105706,3.061778303574899,"[""ExplicitFrameworkValidationTest"", ""Mockito""]","[0.11627906976744186, 0.0017678255745433118]","[6.128860083873428, 0.005303476723629935]"
org.mockitousage.misuse.ExplicitFrameworkValidationTest.shouldValidateExplicitly,0.11627906976744186,0.05902344767099259,0.0017678255745433118,0.11804689534198518,0.003482702577199907,0.014337402600157034,0.05725562209644927,6.128860083873428,3.067081780298529,0.005303476723629935,6.134163560597058,0.010597782884694908,0.18028939735105706,3.061778303574899,"[""ExplicitFrameworkValidationTest"", ""Mockito""]","[0.11627906976744186, 0.0017678255745433118]","[6.128860083873428, 0.005303476723629935]"
org.mockitousage.bugs.SpyShouldHaveNiceNameTest.shouldPrintNiceName,0.11627906976744186,0.05898987501977535,0.0017006802721088435,0.1179797500395507,0.003352329869259135,0.01406248626710996,0.05728919474766651,6.128860083873428,3.064855212004741,0.0008503401360544217,6.129710424009482,0.0017004443463319412,0.07219152109201914,3.0640048718686868,"[""Mockito"", ""SpyShouldHaveNiceNameTest"", ""AssertionError"", ""Integer"", ""List""]","[0.11627906976744186, 0.0017006802721088435]","[6.128860083873428, 0.0008503401360544217]"
org.mockitousage.bugs.InheritedGenericsPolimorphicCallTest.shouldVerificationWorks,0.11627906976744186,0.05896325811271599,0.0016474464579901153,0.11792651622543197,0.003248862897985705,0.013840648164979763,0.05731581165472587,6.128860083873428,3.0648419035512116,0.0008237232289950577,6.129683807102423,0.0016472250697491101,0.07105268762226477,3.064018180322216,"[""InheritedGenericsPolimorphicCallTest"", ""InheritedGenericsPolimorphicCallTest$MyIterable"", ""Iterable"", ""Mockito""]","[0.11627906976744186, 0.0016474464579901153]","[6.128860083873428, 0.0008237232289950577]"
org.mockito.internal.handler.MockHandlerFactoryTest.handle_result_must_not_be_null_for_primitives,0.031687995124923825,0.014656331176657086,0.0022624434389140274,0.11725064941325669,0.0064717929664342665,0.010003240649741077,0.010760093714388828,0.5696934644303066,0.2575326847835973,0.004524886877828055,2.0602614782687785,0.025190480553712636,0.1061770886983639,0.23577702840800427,"[""MockSettingsImpl"", ""TestBase"", ""MockHandlerFactory"", ""MockHandlerFactoryTest"", ""InternalMockHandler"", ""MockitoCore"", ""Integer"", ""Returns"", ""IMethods""]","[0.031687995124923825, 0.026026604973973393, 0.02134959969500572, 0.02040816326530612, 0.006679389312977099, 0.0054466230936819175, 0.003389830508474576, 0.0022624434389140274]","[0.5527117611212675, 0.5696934644303066, 0.5200152497140679, 0.2535822839774208, 0.07633587786259542, 0.0664488017429194, 0.01694915254237288, 0.004524886877828055]"
org.mockito.internal.handler.MockHandlerFactoryTest.valid_handle_result_is_permitted,0.031687995124923825,0.014656331176657086,0.0022624434389140274,0.11725064941325669,0.0064717929664342665,0.010003240649741077,0.010760093714388828,0.5696934644303066,0.2575326847835973,0.004524886877828055,2.0602614782687785,0.025190480553712636,0.1061770886983639,0.23577702840800427,"[""MockSettingsImpl"", ""TestBase"", ""MockHandlerFactory"", ""MockHandlerFactoryTest"", ""InternalMockHandler"", ""MockitoCore"", ""Integer"", ""Returns"", ""IMethods""]","[0.031687995124923825, 0.026026604973973393, 0.02134959969500572, 0.02040816326530612, 0.006679389312977099, 0.0054466230936819175, 0.003389830508474576, 0.0022624434389140274]","[0.5527117611212675, 0.5696934644303066, 0.5200152497140679, 0.2535822839774208, 0.07633587786259542, 0.0664488017429194, 0.01694915254237288, 0.004524886877828055]"
org.mockito.internal.debugging.VerboseMockInvocationLoggerTest.should_print_stubbed_info_if_availbable,0.0484178421654594,0.014256967016157151,0.004694835680751174,0.09979876911310005,0.008305515868841446,0.010242714047109807,0.014282127731623481,0.7415173465497522,0.24659373050359554,0.023206751054852322,1.7261561135251688,0.08141809392658993,0.14465042471762599,0.2368626586978622,"[""ByteArrayOutputStream"", ""StubInfoImpl"", ""Invocation"", ""NotifiedMethodInvocationReport"", ""VerboseMockInvocationLogger"", ""DescribedInvocation"", ""Location"", ""VerboseMockInvocationLoggerTest""]","[0.0484178421654594, 0.01353637901861252, 0.011278195488721804, 0.010328638497652582, 0.006329113924050633, 0.005213764337851929, 0.004694835680751174]","[0.7415173465497522, 0.08798646362098139, 0.36654135338345867, 0.3305164319248826, 0.023206751054852322, 0.06465067778936393, 0.11173708920187793]"
org.mockito.internal.verification.checkers.MissingInvocationInOrderCheckerTest.shouldReportWantedButNotInvoked,0.06885245901639345,0.019856921521041657,0.005751848808545604,0.09928460760520828,0.008996170201828366,0.011686511748790745,0.02452309695205843,1.0930327868852459,0.2603500823700901,0.024628014366341714,1.3017504118504506,0.047252989070833314,0.08398914030698515,0.4172148089036206,"[""MissingInvocationInOrderCheckerTest$ReporterStub"", ""Object"", ""MissingInvocationInOrderCheckerTest"", ""VerificationModeBuilder"", ""MissingInvocationInOrderChecker"", ""Reporter"", ""Integer"", ""VerificationModeFactory"", ""List""]","[0.06885245901639345, 0.009264024704065878, 0.007720020586721565, 0.007696254489481785, 0.005751848808545604]","[1.0930327868852459, 0.09933093154915079, 0.05764282038085435, 0.024628014366341714, 0.027115858668857847]"
org.mockito.internal.stubbing.InvocationContainerImplTest.should_return_invoked_mock,0.0484178421654594,0.024287349385933125,0.011608623548922056,0.0971493975437325,0.018173264909321488,0.020715374277964,0.014512032074325274,0.7415173465497522,0.3782220084534456,0.2296849087893864,1.5128880338137825,0.3056066117791458,0.33430502188919337,0.21044408952059618,"[""InvocationMatcher"", ""InvocationContainerImpl"", ""Invocation"", ""InvocationContainerImplTest""]","[0.0484178421654594, 0.022672064777327937, 0.014450867052023121, 0.011608623548922056]","[0.7415173465497522, 0.2663967611336032, 0.27528901734104044, 0.2296849087893864]"
org.mockito.internal.stubbing.InvocationContainerImplTest.should_return_invoked_mock_stub_only,0.0484178421654594,0.024287349385933125,0.011608623548922056,0.0971493975437325,0.018173264909321488,0.020715374277964,0.014512032074325274,0.7415173465497522,0.3782220084534456,0.2296849087893864,1.5128880338137825,0.3056066117791458,0.33430502188919337,0.21044408952059618,"[""InvocationMatcher"", ""InvocationContainerImpl"", ""Invocation"", ""InvocationContainerImplTest""]","[0.0484178421654594, 0.022672064777327937, 0.014450867052023121, 0.011608623548922056]","[0.7415173465497522, 0.2663967611336032, 0.27528901734104044, 0.2296849087893864]"
org.mockito.internal.handler.InvocationNotifierHandlerTest.should_report_listener_exception,0.03453568687643899,0.019007104269428823,0.007341576506955177,0.09503552134714412,0.014770347016778596,0.01686222477356462,0.008966113568210256,2.1845740598618573,0.763394394918018,0.04327666151468315,3.8169719745900896,0.16671823474936515,0.40944772479584207,0.7511791160102073,"[""InvocationNotifierHandler"", ""Object"", ""NullPointerException"", ""MockitoException"", ""BDDMockito$BDDStubber"", ""BDDMockito"", ""InvocationNotifierHandlerTest"", ""Matchers"", ""InvocationNotifierHandlerTest$CustomListener""]","[0.03453568687643899, 0.019736842105263157, 0.01932367149758454, 0.014097744360902255, 0.007341576506955177]","[2.1845740598618573, 0.34398496240601506, 0.8062265163714439, 0.43890977443609025, 0.04327666151468315]"
org.mockito.internal.verification.checkers.NumberOfInvocationsCheckerTest.shouldNotReportWithLastInvocationStackTraceIfNoInvocationsFound,0.06885245901639345,0.023673889697117256,0.006285714285714286,0.09469555878846903,0.010562194924697685,0.014253048004644747,0.026125344653385504,1.0930327868852459,0.3555330294541988,0.06484817292846114,1.4221321178167952,0.11674436781120573,0.17978679345414716,0.4282696311414823,"[""NumberOfInvocationsCheckerTest"", ""Discrepancy"", ""Reporter"", ""NumberOfInvocationsChecker"", ""NumberOfInvocationsCheckerTest$ReporterStub"", ""List""]","[0.06885245901639345, 0.010293360782295419, 0.009264024704065878, 0.006285714285714286]","[1.0930327868852459, 0.184251158003088, 0.06484817292846114, 0.08]"
org.mockito.internal.debugging.VerboseMockInvocationLoggerTest.should_print_invocation_with_return_value,0.0484178421654594,0.0176511781702395,0.004694835680751174,0.08825589085119749,0.010141712341376185,0.01290869101899899,0.015656439516527666,0.7415173465497522,0.32765973693619055,0.08798646362098139,1.6382986846809526,0.1823664491358723,0.24502483941753556,0.2353142280377815,"[""Object"", ""ByteArrayOutputStream"", ""VerboseMockInvocationLogger"", ""Invocation"", ""NotifiedMethodInvocationReport"", ""Location"", ""VerboseMockInvocationLoggerTest""]","[0.0484178421654594, 0.01353637901861252, 0.011278195488721804, 0.010328638497652582, 0.004694835680751174]","[0.7415173465497522, 0.08798646362098139, 0.36654135338345867, 0.3305164319248826, 0.11173708920187793]"
org.mockito.internal.debugging.VerboseMockInvocationLoggerTest.should_print_invocation_with_exception,0.0484178421654594,0.0176511781702395,0.004694835680751174,0.08825589085119749,0.010141712341376185,0.01290869101899899,0.015656439516527666,0.7415173465497522,0.32765973693619055,0.08798646362098139,1.6382986846809526,0.1823664491358723,0.24502483941753556,0.2353142280377815,"[""Exception"", ""Object"", ""ByteArrayOutputStream"", ""VerboseMockInvocationLogger"", ""Invocation"", ""NotifiedMethodInvocationReport"", ""VerboseMockInvocationLoggerTest$ThirdPartyException"", ""Class"", ""Location"", ""VerboseMockInvocationLoggerTest""]","[0.0484178421654594, 0.01353637901861252, 0.011278195488721804, 0.010328638497652582, 0.004694835680751174]","[0.7415173465497522, 0.08798646362098139, 0.36654135338345867, 0.3305164319248826, 0.11173708920187793]"
org.mockito.internal.verification.checkers.MissingInvocationCheckerTest.shouldReportWantedButNotInvoked,0.06885245901639345,0.02929839215454666,0.009264024704065878,0.08789517646363998,0.013349268689812586,0.018407719452994836,0.027969738108429572,1.0930327868852459,0.41735507032390334,0.05867215645908389,1.25206521097171,0.10743889791775678,0.18601259448048715,0.4780793219723811,"[""MissingInvocationCheckerTest$ReporterStub"", ""Reporter"", ""MissingInvocationCheckerTest"", ""MissingInvocationChecker"", ""List""]","[0.06885245901639345, 0.00977869274318065, 0.009264024704065878]","[1.0930327868852459, 0.05867215645908389, 0.10036026762738035]"
org.mockito.internal.invocation.InvocationMatcherTest.should_capture_varargs_as_vararg,0.022672064777327937,0.014423073423922744,0.0059417706476530005,0.08653844054353646,0.011765314550518064,0.01310732857110173,0.00592418394031351,0.5200152497140679,0.21848747872229424,0.06151480199923107,1.3109248723337654,0.13613141278660837,0.1722824335088676,0.15123371146729342,"[""Arrays"", ""Equals"", ""LocalizedMatcher"", ""InvocationMatcherTest"", ""InvocationMatcher"", ""Integer"", ""CapturingMatcher"", ""IMethods""]","[0.022672064777327937, 0.02134959969500572, 0.013765182186234818, 0.012813667912439935, 0.009996155324875048, 0.0059417706476530005]","[0.2663967611336032, 0.5200152497140679, 0.2, 0.17565403096636412, 0.06151480199923107, 0.0873440285204991]"
org.mockitousage.matchers.InvalidUseOfMatchersTest.should_scream_when_not_enough_matchers_inside_or_AddtionalMatcher,0.03453568687643899,0.01690897342215026,0.006901840490797546,0.0845448671107513,0.01213426479016474,0.01420598588850615,0.010125221979476223,2.1845740598618573,0.6551508378848567,0.03412576687116564,3.2757541894242834,0.12515512676943513,0.3021567308452545,0.7818321017108341,"[""InvalidUseOfMatchersTest"", ""Matchers"", ""AdditionalMatchers"", ""InvalidUseOfMatchersException"", ""IMethods""]","[0.03453568687643899, 0.02134959969500572, 0.01303680981595092, 0.00872093023255814, 0.006901840490797546]","[2.1845740598618573, 0.5200152497140679, 0.18404907975460122, 0.35299003322259137, 0.03412576687116564]"
org.mockito.internal.invocation.InvocationsFinderTest.shouldFindFirstUnverifiedInvocation,0.0484178421654594,0.027549818539263488,0.013422818791946308,0.08264945561779047,0.02094823628880204,0.023824951620245553,0.015060853615247971,0.7415173465497522,0.39204520567485246,0.19001677852348994,1.1761356170245574,0.28038531502184955,0.32542990236715874,0.24811684837426065,"[""InvocationsFinder"", ""Invocation"", ""InvocationsFinderTest""]","[0.0484178421654594, 0.020808794660384766, 0.013422818791946308]","[0.7415173465497522, 0.24460149195131528, 0.19001677852348994]"
org.mockito.internal.invocation.InvocationsFinderTest.shouldGetLastStackTrace,0.0484178421654594,0.027549818539263488,0.013422818791946308,0.08264945561779047,0.02094823628880204,0.023824951620245553,0.015060853615247971,0.7415173465497522,0.39204520567485246,0.19001677852348994,1.1761356170245574,0.28038531502184955,0.32542990236715874,0.24811684837426065,"[""InvocationsFinder"", ""Invocation"", ""Collections"", ""InvocationsFinderTest""]","[0.0484178421654594, 0.020808794660384766, 0.013422818791946308]","[0.7415173465497522, 0.24460149195131528, 0.19001677852348994]"
org.mockito.internal.invocation.InvocationsFinderTest.shouldFindFirstUnverifiedInvocationOnMock,0.0484178421654594,0.027549818539263488,0.013422818791946308,0.08264945561779047,0.02094823628880204,0.023824951620245553,0.015060853615247971,0.7415173465497522,0.39204520567485246,0.19001677852348994,1.1761356170245574,0.28038531502184955,0.32542990236715874,0.24811684837426065,"[""InvocationsFinderTest"", ""Invocation"", ""InvocationsFinder""]","[0.0484178421654594, 0.020808794660384766, 0.013422818791946308]","[0.7415173465497522, 0.24460149195131528, 0.19001677852348994]"
org.mockitousage.matchers.InvalidUseOfMatchersTest.should_not_scream_on_correct_usage,0.03453568687643899,0.01941075665498844,0.00872093023255814,0.07764302661995376,0.014971887084222367,0.017015628462737343,0.009841521907029128,2.1845740598618573,0.8104071056382794,0.18404907975460122,3.241628422553118,0.3756909128863663,0.5212183972044299,0.8022183310660275,"[""Matchers"", ""InvalidUseOfMatchersTest"", ""AdditionalMatchers"", ""IMethods""]","[0.03453568687643899, 0.02134959969500572, 0.01303680981595092, 0.00872093023255814]","[2.1845740598618573, 0.5200152497140679, 0.18404907975460122, 0.35299003322259137]"
org.mockito.internal.invocation.InvocationsFinderTest.shouldFindAllMatchingUnverifiedChunks,0.022672064777327937,0.015420503524927649,0.007086614173228346,0.07710251762463824,0.01301949193154701,0.014254086267674559,0.005663769534531387,0.29039722329348244,0.2085186714528191,0.051181102362204724,1.0425933572640955,0.1385548343830374,0.17905086260058392,0.08538544506068935,"[""StringBuilder"", ""Collections"", ""Object"", ""Arrays"", ""InvocationsFinderTest"", ""ExtraMatchers$5"", ""Collection"", ""InvocationsFinder"", ""InOrderContext"", ""InvocationMatcher"", ""ExtraMatchers"", ""List""]","[0.022672064777327937, 0.020808794660384766, 0.013422818791946308, 0.013112225221750868, 0.007086614173228346]","[0.2663967611336032, 0.24460149195131528, 0.19001677852348994, 0.29039722329348244, 0.051181102362204724]"
org.mockitousage.matchers.InvalidUseOfMatchersTest.should_scream_when_Matchers_count_dont_match_parameter_count,0.03453568687643899,0.01895598421954829,0.006901840490797546,0.07582393687819317,0.013450368915770441,0.01604902008736411,0.010353689397686454,2.1845740598618573,0.730691039050423,0.03412576687116564,2.922764156201692,0.10776593731862254,0.2906362160095841,0.8576393088713365,"[""Matchers"", ""InvalidUseOfMatchersTest"", ""InvalidUseOfMatchersException"", ""IMethods""]","[0.03453568687643899, 0.02134959969500572, 0.01303680981595092, 0.006901840490797546]","[2.1845740598618573, 0.5200152497140679, 0.18404907975460122, 0.03412576687116564]"
org.mockito.exceptions.ReporterTest.should_throw_correct_exception_for_null_invocation_listener,0.06885245901639345,0.036885245901639344,0.004918032786885246,0.07377049180327869,0.00918032786885246,0.018401593705445616,0.031967213114754096,1.0930327868852459,0.5680327868852458,0.0430327868852459,1.1360655737704917,0.08280551415797317,0.21687841519298132,0.5249999999999999,"[""ReporterTest"", ""Reporter""]","[0.06885245901639345, 0.004918032786885246]","[1.0930327868852459, 0.0430327868852459]"
org.mockito.internal.creation.MockSettingsImplTest.shouldAddVerboseLoggingListenerOnlyOnce,0.031687995124923825,0.023975073359758587,0.01464307504575961,0.07192522007927576,0.021595040259984245,0.022815111034008195,0.0070521099338903,0.6246191346739792,0.5356203657125096,0.42953020134228187,1.6068610971375288,0.5227972802448685,0.5293008181707408,0.08055643911729941,"[""MockSettingsImplTest"", ""MockSettingsImpl"", ""MockSettings""]","[0.031687995124923825, 0.025594149908592323, 0.01464307504575961]","[0.5527117611212675, 0.6246191346739792, 0.42953020134228187]"
org.mockito.internal.creation.MockSettingsImplTest.canAddDuplicateInvocationListeners_ItsNotOurBusinessThere,0.031687995124923825,0.023975073359758587,0.01464307504575961,0.07192522007927576,0.021595040259984245,0.022815111034008195,0.0070521099338903,0.6246191346739792,0.5356203657125096,0.42953020134228187,1.6068610971375288,0.5227972802448685,0.5293008181707408,0.08055643911729941,"[""MockSettingsImplTest"", ""MockSettingsImpl"", ""MockSettings""]","[0.031687995124923825, 0.025594149908592323, 0.01464307504575961]","[0.5527117611212675, 0.6246191346739792, 0.42953020134228187]"
org.mockito.internal.invocation.ArgumentsComparatorTest.shouldKnowWhenVarargsMatch,0.022672064777327937,0.01197231982606583,0.004229142637447136,0.07183391895639499,0.008277995246247827,0.009888512167269563,0.007312589209997406,0.5200152497140679,0.22196881174448016,0.010380622837370242,1.331812870466881,0.04655410385505703,0.12570504883461736,0.1754302033598356,"[""ArgumentsComparator"", ""Arrays"", ""InstanceOf"", ""Equals"", ""ArgumentsComparatorTest"", ""InvocationMatcher"", ""IMethods""]","[0.022672064777327937, 0.02134959969500572, 0.009996155324875048, 0.007472826086956522, 0.006114130434782609, 0.004229142637447136]","[0.2663967611336032, 0.5200152497140679, 0.06151480199923107, 0.1297554347826087, 0.34375, 0.010380622837370242]"
org.mockito.internal.invocation.InvocationMatcherTest.should_capture_arguments_when_args_count_does_NOT_match,0.022672064777327937,0.017650128642752103,0.012813667912439935,0.07060051457100841,0.016553882714349887,0.01709362056797793,0.004398581872947202,0.5200152497140679,0.2905165104535088,0.17565403096636412,1.1620660418140352,0.24435197158095245,0.26412425439669174,0.13659983664709857,"[""Arrays"", ""LocalizedMatcher"", ""InvocationMatcherTest"", ""InvocationMatcher"", ""IMethods""]","[0.022672064777327937, 0.02134959969500572, 0.013765182186234818, 0.012813667912439935]","[0.2663967611336032, 0.5200152497140679, 0.2, 0.17565403096636412]"
org.mockito.internal.invocation.ArgumentsComparatorTest.shouldMatchAnyVarargEvenIfMatcherIsDecorated,0.022672064777327937,0.014084457781302545,0.006114130434782609,0.07042228890651273,0.01072128903001729,0.01231614433461545,0.006861253231117463,0.5200152497140679,0.28711429531932875,0.1297554347826087,1.4355714765966439,0.22742027930406383,0.2553373112976026,0.13788754501001238,"[""ArgumentsComparator"", ""Arrays"", ""LocalizedMatcher"", ""ArgumentsComparatorTest"", ""InvocationMatcher"", ""IMethods""]","[0.022672064777327937, 0.02134959969500572, 0.012813667912439935, 0.007472826086956522, 0.006114130434782609]","[0.2663967611336032, 0.5200152497140679, 0.17565403096636412, 0.1297554347826087, 0.34375]"
org.mockito.internal.invocation.InvocationsFinderTest.shouldFindActualInvocations,0.022672064777327937,0.01750397586285247,0.013112225221750868,0.07001590345140989,0.01646575342912793,0.01697518560365858,0.004288772756962962,0.29039722329348244,0.24785306372547272,0.19001677852348994,0.9914122549018909,0.2417161729871832,0.2448742467619879,0.03711294528826892,"[""StringBuilder"", ""Collections"", ""Object"", ""Arrays"", ""InvocationsFinderTest"", ""ExtraMatchers$5"", ""Collection"", ""InvocationsFinder"", ""InvocationMatcher"", ""ExtraMatchers""]","[0.022672064777327937, 0.020808794660384766, 0.013422818791946308, 0.013112225221750868]","[0.2663967611336032, 0.24460149195131528, 0.19001677852348994, 0.29039722329348244]"
org.mockito.internal.invocation.InvocationsFinderTest.shouldFindMatchingChunk,0.022672064777327937,0.01750397586285247,0.013112225221750868,0.07001590345140989,0.01646575342912793,0.01697518560365858,0.004288772756962962,0.29039722329348244,0.24785306372547272,0.19001677852348994,0.9914122549018909,0.2417161729871832,0.2448742467619879,0.03711294528826892,"[""StringBuilder"", ""Collections"", ""Object"", ""Arrays"", ""InvocationsFinderTest"", ""ExtraMatchers$5"", ""Collection"", ""InvocationsFinder"", ""InvocationMatcher"", ""ExtraMatchers""]","[0.022672064777327937, 0.020808794660384766, 0.013422818791946308, 0.013112225221750868]","[0.2663967611336032, 0.24460149195131528, 0.19001677852348994, 0.29039722329348244]"
org.mockito.internal.invocation.ArgumentsComparatorTest.shouldAnyObjectVarargDealWithDifferentSizeOfArgs,0.022672064777327937,0.01352095526378957,0.006114130434782609,0.06760477631894785,0.010238377533665315,0.01171943503994785,0.0070554321505604325,0.5200152497140679,0.2642864495259022,0.06151480199923107,1.3214322476295108,0.1536147055859099,0.20700392630415915,0.16182154583568326,"[""ArgumentsComparator"", ""Arrays"", ""Equals"", ""ArgumentsComparatorTest"", ""InvocationMatcher"", ""Integer"", ""IMethods""]","[0.022672064777327937, 0.02134959969500572, 0.009996155324875048, 0.007472826086956522, 0.006114130434782609]","[0.2663967611336032, 0.5200152497140679, 0.06151480199923107, 0.1297554347826087, 0.34375]"
org.mockito.internal.invocation.ArgumentsComparatorTest.shouldAllowAnyObjectWithMixedVarargs,0.022672064777327937,0.01352095526378957,0.006114130434782609,0.06760477631894785,0.010238377533665315,0.01171943503994785,0.0070554321505604325,0.5200152497140679,0.2642864495259022,0.06151480199923107,1.3214322476295108,0.1536147055859099,0.20700392630415915,0.16182154583568326,"[""ArgumentsComparator"", ""Arrays"", ""Equals"", ""ArgumentsComparatorTest"", ""InvocationMatcher"", ""Integer"", ""IMethods""]","[0.022672064777327937, 0.02134959969500572, 0.009996155324875048, 0.007472826086956522, 0.006114130434782609]","[0.2663967611336032, 0.5200152497140679, 0.06151480199923107, 0.1297554347826087, 0.34375]"
org.mockito.internal.invocation.ArgumentsComparatorTest.shouldNotMatchWhenSomeOtherArgumentDoesNotMatch,0.022672064777327937,0.01352095526378957,0.006114130434782609,0.06760477631894785,0.010238377533665315,0.01171943503994785,0.0070554321505604325,0.5200152497140679,0.2642864495259022,0.06151480199923107,1.3214322476295108,0.1536147055859099,0.20700392630415915,0.16182154583568326,"[""ArgumentsComparator"", ""Arrays"", ""Equals"", ""ArgumentsComparatorTest"", ""InvocationMatcher"", ""Integer"", ""IMethods""]","[0.022672064777327937, 0.02134959969500572, 0.009996155324875048, 0.007472826086956522, 0.006114130434782609]","[0.2663967611336032, 0.5200152497140679, 0.06151480199923107, 0.1297554347826087, 0.34375]"
org.mockito.internal.invocation.ArgumentsComparatorTest.shouldKnowWhenVarargsDifferent,0.022672064777327937,0.01352095526378957,0.006114130434782609,0.06760477631894785,0.010238377533665315,0.01171943503994785,0.0070554321505604325,0.5200152497140679,0.2642864495259022,0.06151480199923107,1.3214322476295108,0.1536147055859099,0.20700392630415915,0.16182154583568326,"[""ArgumentsComparator"", ""Arrays"", ""Equals"", ""ArgumentsComparatorTest"", ""InvocationMatcher"", ""IMethods""]","[0.022672064777327937, 0.02134959969500572, 0.009996155324875048, 0.007472826086956522, 0.006114130434782609]","[0.2663967611336032, 0.5200152497140679, 0.06151480199923107, 0.1297554347826087, 0.34375]"
org.mockito.internal.invocation.ArgumentsComparatorTest.shouldNotAllowAnyObjectWithMixedVarargs,0.022672064777327937,0.01352095526378957,0.006114130434782609,0.06760477631894785,0.010238377533665315,0.01171943503994785,0.0070554321505604325,0.5200152497140679,0.2642864495259022,0.06151480199923107,1.3214322476295108,0.1536147055859099,0.20700392630415915,0.16182154583568326,"[""ArgumentsComparator"", ""Arrays"", ""Equals"", ""ArgumentsComparatorTest"", ""InvocationMatcher"", ""Integer"", ""IMethods""]","[0.022672064777327937, 0.02134959969500572, 0.009996155324875048, 0.007472826086956522, 0.006114130434782609]","[0.2663967611336032, 0.5200152497140679, 0.06151480199923107, 0.1297554347826087, 0.34375]"
org.mockito.internal.invocation.ArgumentsComparatorTest.shouldMatchAnyVarargEvenIfOneOfTheArgsIsNull,0.022672064777327937,0.01352095526378957,0.006114130434782609,0.06760477631894785,0.010238377533665315,0.01171943503994785,0.0070554321505604325,0.5200152497140679,0.2642864495259022,0.06151480199923107,1.3214322476295108,0.1536147055859099,0.20700392630415915,0.16182154583568326,"[""ArgumentsComparator"", ""Arrays"", ""Equals"", ""ArgumentsComparatorTest"", ""InvocationMatcher"", ""IMethods""]","[0.022672064777327937, 0.02134959969500572, 0.009996155324875048, 0.007472826086956522, 0.006114130434782609]","[0.2663967611336032, 0.5200152497140679, 0.06151480199923107, 0.1297554347826087, 0.34375]"
org.mockitousage.annotation.DeprecatedAnnotationEngineApiTest.shouldInjectMocksIfThereIsNoUserDefinedEngine,0.01717126073203796,0.010403510477991961,0.0028835063437139563,0.06242106286795177,0.0071603313726531165,0.00887541903640627,0.004910939174582301,0.31179394487121553,0.13982762601728763,0.01845444059976932,0.8389657561037258,0.06361290795356221,0.10184077408391023,0.09431682670244321,"[""DeprecatedAnnotationEngineApiTest$SimpleTestCase"", ""DeprecatedAnnotationEngineApiTest$Tested"", ""Object"", ""DeprecatedAnnotationEngineApiTest"", ""ConfigurationAccess"", ""MockitoConfiguration"", ""GlobalConfiguration"", ""MockitoAnnotations"", ""DefaultMockitoConfiguration""]","[0.01717126073203796, 0.014163090128755365, 0.011976047904191617, 0.010875475802066341, 0.005351681957186544, 0.0028835063437139563]","[0.31179394487121553, 0.12832618025751072, 0.12520413718018508, 0.19249592169657423, 0.06269113149847094, 0.01845444059976932]"
org.mockito.internal.creation.instance.ConstructorInstantiatorTest.creates_instances_of_inner_classes,0.022727272727272728,0.02075370635089605,0.01912568306010929,0.06226111905268814,0.020648967551622422,0.020700908196249358,0.0014905059656939465,0.3224043715846995,0.22662758648607473,0.1038961038961039,0.6798827594582242,0.17996197692152344,0.20403579489321036,0.09121908626928621,"[""Assert"", ""Object"", ""TestBase"", ""ConstructorInstantiatorTest"", ""ConstructorInstantiator"", ""ConstructorInstantiatorTest$ChildOfThis""]","[0.022727272727272728, 0.02040816326530612, 0.01912568306010929]","[0.1038961038961039, 0.2535822839774208, 0.3224043715846995]"
org.mockitousage.annotation.DeprecatedAnnotationEngineApiTest.shouldRespectUsersEngine,0.01717126073203796,0.010344414502814482,0.0028835063437139563,0.06206648701688689,0.007138627806587211,0.008831072893976385,0.00489376378490516,0.31179394487121553,0.16498498850717933,0.01845444059976932,0.9899099310430759,0.06670019035377117,0.11619184394006482,0.10641593591832946,"[""DeprecatedAnnotationEngineApiTest$SimpleTestCase"", ""DeprecatedAnnotationEngineApiTest$Tested"", ""Object"", ""DeprecatedAnnotationEngineApiTest"", ""DeprecatedAnnotationEngineApiTest$1"", ""ConfigurationAccess"", ""DefaultAnnotationEngine"", ""MockitoConfiguration"", ""GlobalConfiguration"", ""MockitoAnnotations""]","[0.01717126073203796, 0.014163090128755365, 0.01162147205312673, 0.010875475802066341, 0.005351681957186544, 0.0028835063437139563]","[0.31179394487121553, 0.12832618025751072, 0.27614831211953517, 0.19249592169657423, 0.06269113149847094, 0.01845444059976932]"
org.mockito.internal.configuration.injection.ConstructorInjectionTest.should_do_the_trick_of_instantiating,0.03453568687643899,0.015061971546977202,0.0018264840182648401,0.06024788618790881,0.004720290035598854,0.008635416072969252,0.013065357707582425,2.1845740598618573,0.7636683389055073,0.0045662100456621,3.0546733556220294,0.01683787702023805,0.14778169194462348,0.8793670750568828,"[""ConstructorInjection"", ""Object"", ""BDDMockito"", ""ConstructorInjectionTest"", ""BDDMockito$BDDMyOngoingStubbing"", ""Class"", ""Matchers"", ""FieldInitializer$ConstructorArgumentResolver"", ""HashSet""]","[0.03453568687643899, 0.01932367149758454, 0.004562043795620438, 0.0018264840182648401]","[2.1845740598618573, 0.8062265163714439, 0.05930656934306569, 0.0045662100456621]"
org.mockitousage.customization.BDDMockitoTest.shouldStubWithAnswer,0.02134959969500572,0.014562927485058637,0.006843065693430657,0.05825170994023455,0.011838781169291048,0.013194313781576587,0.005978504040330407,0.8062265163714439,0.444327711660977,0.04151459854014598,1.777310846643908,0.13471208271964022,0.29056708783766766,0.2739374608689381,"[""Object"", ""BDDMockito"", ""BDDMockitoTest"", ""BDDMockitoTest$1"", ""InvocationOnMock"", ""BDDMockito$BDDMyOngoingStubbing"", ""IMethods""]","[0.02134959969500572, 0.01932367149758454, 0.010735373054213635, 0.006843065693430657]","[0.5200152497140679, 0.8062265163714439, 0.4095544820182501, 0.04151459854014598]"
org.mockitousage.customization.BDDMockitoTest.shouldStubUsingDoAnswerStyle,0.02134959969500572,0.014562927485058637,0.006843065693430657,0.05825170994023455,0.011838781169291048,0.013194313781576587,0.005978504040330407,0.8062265163714439,0.444327711660977,0.04151459854014598,1.777310846643908,0.13471208271964022,0.29056708783766766,0.2739374608689381,"[""Object"", ""BDDMockito$BDDStubber"", ""BDDMockitoTest"", ""BDDMockito"", ""BDDMockitoTest$3"", ""InvocationOnMock"", ""IMethods""]","[0.02134959969500572, 0.01932367149758454, 0.010735373054213635, 0.006843065693430657]","[0.5200152497140679, 0.8062265163714439, 0.4095544820182501, 0.04151459854014598]"
org.mockitousage.customization.BDDMockitoTest.shouldStubWithWillAnswerAlias,0.02134959969500572,0.014562927485058637,0.006843065693430657,0.05825170994023455,0.011838781169291048,0.013194313781576587,0.005978504040330407,0.8062265163714439,0.444327711660977,0.04151459854014598,1.777310846643908,0.13471208271964022,0.29056708783766766,0.2739374608689381,"[""Object"", ""BDDMockito"", ""BDDMockitoTest"", ""InvocationOnMock"", ""BDDMockito$BDDMyOngoingStubbing"", ""BDDMockitoTest$2"", ""IMethods""]","[0.02134959969500572, 0.01932367149758454, 0.010735373054213635, 0.006843065693430657]","[0.5200152497140679, 0.8062265163714439, 0.4095544820182501, 0.04151459854014598]"
org.mockito.internal.invocation.InvocationMatcherTest.should_match_varargs_using_any_varargs,0.022672064777327937,0.019262282219522826,0.013765182186234818,0.05778684665856848,0.018338138319389248,0.018817167812224693,0.003924352180549178,0.5200152497140679,0.32880400361589035,0.2,0.986412010847671,0.28098254185149,0.30259262478874677,0.13789715478832174,"[""Arrays"", ""InvocationMatcherTest"", ""InvocationMatcher"", ""IMethods""]","[0.022672064777327937, 0.02134959969500572, 0.013765182186234818]","[0.2663967611336032, 0.5200152497140679, 0.2]"
org.mockito.internal.invocation.ArgumentsComparatorTest.shouldNotAllowAnyObjectMatchEntireVararg,0.022672064777327937,0.014402155248518197,0.006114130434782609,0.05760862099407279,0.010300778457549469,0.01219481162771474,0.007638150068800926,0.5200152497140679,0.31497936140756994,0.1297554347826087,1.2599174456302797,0.24550846691558795,0.280367920870389,0.14101031627366842,"[""ArgumentsComparator"", ""Arrays"", ""ArgumentsComparatorTest"", ""InvocationMatcher"", ""IMethods""]","[0.022672064777327937, 0.02134959969500572, 0.007472826086956522, 0.006114130434782609]","[0.2663967611336032, 0.5200152497140679, 0.1297554347826087, 0.34375]"
org.mockito.internal.invocation.ArgumentsComparatorTest.shouldAllowAnyVarargMatchEntireVararg,0.022672064777327937,0.014402155248518197,0.006114130434782609,0.05760862099407279,0.010300778457549469,0.01219481162771474,0.007638150068800926,0.5200152497140679,0.31497936140756994,0.1297554347826087,1.2599174456302797,0.24550846691558795,0.280367920870389,0.14101031627366842,"[""ArgumentsComparator"", ""Arrays"", ""ArgumentsComparatorTest"", ""InvocationMatcher"", ""IMethods""]","[0.022672064777327937, 0.02134959969500572, 0.007472826086956522, 0.006114130434782609]","[0.2663967611336032, 0.5200152497140679, 0.1297554347826087, 0.34375]"
org.mockito.internal.exceptions.stacktrace.ConditionalStackTraceFilterTest.shouldFilterWhenConfigurationSaysYes,0.01717126073203796,0.008109915361765913,0.0022251891410769915,0.05676940753236139,0.004987387478182018,0.006386158969797555,0.005251842999399737,0.31179394487121553,0.1399596913412796,0.017801513128615932,0.9797178393889573,0.04409887417720409,0.08122336476391977,0.11718412981844062,"[""Collections"", ""RuntimeException"", ""Throwable"", ""Arrays"", ""TraceBuilder"", ""ExtraMatchers$1"", ""MockitoConfiguration"", ""AssertionError"", ""ExtraMatchers"", ""List"", ""ConditionalStackTraceFilterTest"", ""StringBuilder"", ""Object"", ""ConfigurationAccess"", ""StackTraceElement"", ""LinkedList"", ""Class"", ""ConditionalStackTraceFilter"", ""GlobalConfiguration""]","[0.01717126073203796, 0.013112225221750868, 0.010875475802066341, 0.005250875145857643, 0.005250875145857643, 0.0028835063437139563, 0.0022251891410769915]","[0.31179394487121553, 0.29039722329348244, 0.19249592169657423, 0.11260210035005834, 0.03617269544924154, 0.01845444059976932, 0.017801513128615932]"
org.mockito.internal.exceptions.stacktrace.ConditionalStackTraceFilterTest.shouldNotFilterWhenConfigurationSaysNo,0.01717126073203796,0.008109915361765913,0.0022251891410769915,0.05676940753236139,0.004987387478182018,0.006386158969797555,0.005251842999399737,0.31179394487121553,0.1399596913412796,0.017801513128615932,0.9797178393889573,0.04409887417720409,0.08122336476391977,0.11718412981844062,"[""Collections"", ""RuntimeException"", ""Throwable"", ""Arrays"", ""TraceBuilder"", ""ExtraMatchers$1"", ""MockitoConfiguration"", ""AssertionError"", ""ExtraMatchers"", ""List"", ""ConditionalStackTraceFilterTest"", ""StringBuilder"", ""Object"", ""ConfigurationAccess"", ""StackTraceElement"", ""LinkedList"", ""Class"", ""ConditionalStackTraceFilter"", ""GlobalConfiguration""]","[0.01717126073203796, 0.013112225221750868, 0.010875475802066341, 0.005250875145857643, 0.005250875145857643, 0.0028835063437139563, 0.0022251891410769915]","[0.31179394487121553, 0.29039722329348244, 0.19249592169657423, 0.11260210035005834, 0.03617269544924154, 0.01845444059976932, 0.017801513128615932]"
org.mockito.internal.util.reflection.ParameterizedConstructorInstantiatorTest.should_instantiate_type_with_vararg_constructor,0.03453568687643899,0.01886552821713193,0.002737226277372263,0.05659658465139579,0.0067258709380098895,0.012224266654530884,0.01298570869755588,2.1845740598618573,0.99906247918239,0.006386861313868613,2.99718743754717,0.018955006700424156,0.2240631541962906,0.8996347960494866,"[""Object"", ""Field"", ""ParameterizedConstructorInstantiatorTest"", ""BDDMockito"", ""FieldInitializer$ParameterizedConstructorInstantiator"", ""BDDMockito$BDDMyOngoingStubbing"", ""Class"", ""Matchers"", ""FieldInitializer$ConstructorArgumentResolver""]","[0.03453568687643899, 0.01932367149758454, 0.002737226277372263]","[2.1845740598618573, 0.8062265163714439, 0.006386861313868613]"
org.mockito.internal.stubbing.InvocationContainerImplTest.should_be_thread_safe,0.022672064777327937,0.013852736172812553,0.006679389312977099,0.055410944691250213,0.011455925372829,0.012624832247294365,0.005801535663583056,0.27528901734104044,0.21192664128165636,0.07633587786259542,0.8477065651266255,0.16102971457372087,0.18936283542454405,0.08012801608366471,"[""Object"", ""RuntimeException"", ""InvocationContainerImplTest$2"", ""InvocationContainerImplTest$1"", ""LinkedList"", ""Returns"", ""InvocationContainerImpl"", ""InvocationMatcher"", ""Thread"", ""InvocationContainerImplTest"", ""CountDownLatch""]","[0.022672064777327937, 0.014450867052023121, 0.011608623548922056, 0.006679389312977099]","[0.2663967611336032, 0.27528901734104044, 0.2296849087893864, 0.07633587786259542]"
org.mockito.internal.stubbing.InvocationContainerImplTest.should_be_thread_safe_stub_only,0.022672064777327937,0.013852736172812553,0.006679389312977099,0.055410944691250213,0.011455925372829,0.012624832247294365,0.005801535663583056,0.27528901734104044,0.21192664128165636,0.07633587786259542,0.8477065651266255,0.16102971457372087,0.18936283542454405,0.08012801608366471,"[""Object"", ""RuntimeException"", ""InvocationContainerImplTest$2"", ""InvocationContainerImplTest$1"", ""LinkedList"", ""Returns"", ""InvocationContainerImpl"", ""InvocationMatcher"", ""Thread"", ""InvocationContainerImplTest"", ""CountDownLatch""]","[0.022672064777327937, 0.014450867052023121, 0.011608623548922056, 0.006679389312977099]","[0.2663967611336032, 0.27528901734104044, 0.2296849087893864, 0.07633587786259542]"
org.mockito.internal.creation.instance.ConstructorInstantiatorTest.explains_when_constructor_cannot_be_found,0.022727272727272728,0.017872553889911654,0.011764705882352941,0.05361766166973496,0.016548463356974,0.017228539018663957,0.004562325247446658,0.3224043715846995,0.14210015849360114,0.0,0.4263004754808034,0.15714999167637755,0.18302064934515452,0.10925413384429779,"[""InstantiationException"", ""ConstructorInstantiatorTest"", ""ConstructorInstantiator""]","[0.022727272727272728, 0.01912568306010929, 0.011764705882352941]","[0.1038961038961039, 0.3224043715846995, 0.0]"
org.mockito.internal.util.MockUtilTest.should_scream_when_not_a_mock_passed,0.03736179946626001,0.026496378192908884,0.015630956919557758,0.05299275638581777,0.02204077378585123,0.024166105972917233,0.010865421273351127,0.48189096454441477,0.31528783835303087,0.14868471216164697,0.6305756767060617,0.2272520872700384,0.2676748388559984,0.1666031261913839,"[""MockUtilTest"", ""MockUtil""]","[0.03736179946626001, 0.015630956919557758]","[0.48189096454441477, 0.14868471216164697]"
org.mockito.internal.util.MockUtilTest.should_konw_if_type_is_mockable,0.03736179946626001,0.026496378192908884,0.015630956919557758,0.05299275638581777,0.02204077378585123,0.024166105972917233,0.010865421273351127,0.48189096454441477,0.31528783835303087,0.14868471216164697,0.6305756767060617,0.2272520872700384,0.2676748388559984,0.1666031261913839,"[""MockUtilTest"", ""MockUtil""]","[0.03736179946626001, 0.015630956919557758]","[0.48189096454441477, 0.14868471216164697]"
org.mockito.internal.util.MockUtilTest.should_scream_when_null_passed,0.03736179946626001,0.026496378192908884,0.015630956919557758,0.05299275638581777,0.02204077378585123,0.024166105972917233,0.010865421273351127,0.48189096454441477,0.31528783835303087,0.14868471216164697,0.6305756767060617,0.2272520872700384,0.2676748388559984,0.1666031261913839,"[""MockUtilTest"", ""MockUtil""]","[0.03736179946626001, 0.015630956919557758]","[0.48189096454441477, 0.14868471216164697]"
org.mockito.internal.stubbing.defaultanswers.ReturnsMocksTest.should_return_mock_value_for_class,0.03736179946626001,0.017422877254798883,0.006211180124223602,0.05226863176439665,0.00990866502645681,0.012636729512428703,0.014135383842387522,0.48189096454441477,0.24820796126635772,0.09316770186335403,0.7446238837990732,0.1603769717720133,0.1967208138576825,0.16815658300227238,"[""ReturnsMocks"", ""ReturnsMocksTest"", ""MockUtil""]","[0.03736179946626001, 0.008695652173913044, 0.006211180124223602]","[0.48189096454441477, 0.09316770186335403, 0.16956521739130434]"
org.mockito.internal.stubbing.defaultanswers.ReturnsMocksTest.should_return_mock_value_for_interface,0.03736179946626001,0.017422877254798883,0.006211180124223602,0.05226863176439665,0.00990866502645681,0.012636729512428703,0.014135383842387522,0.48189096454441477,0.24820796126635772,0.09316770186335403,0.7446238837990732,0.1603769717720133,0.1967208138576825,0.16815658300227238,"[""ReturnsMocks"", ""ReturnsMocksTest"", ""MockUtil""]","[0.03736179946626001, 0.008695652173913044, 0.006211180124223602]","[0.48189096454441477, 0.09316770186335403, 0.16956521739130434]"
org.mockitousage.customization.BDDMockitoTest.shouldStubVoid,0.02134959969500572,0.01713621474893463,0.010735373054213635,0.05140864424680389,0.0156462458323244,0.016422231665484233,0.004601027208927417,0.8062265163714439,0.5785987493679207,0.4095544820182501,1.735796248103762,0.5352321637410904,0.5558124622804768,0.1671550089652218,"[""RuntimeException"", ""BDDMockito$BDDStubber"", ""BDDMockitoTest"", ""BDDMockito"", ""IMethods""]","[0.02134959969500572, 0.01932367149758454, 0.010735373054213635]","[0.5200152497140679, 0.8062265163714439, 0.4095544820182501]"
org.mockitousage.customization.BDDMockitoTest.shouldStubUsingDoReturnStyle,0.02134959969500572,0.01713621474893463,0.010735373054213635,0.05140864424680389,0.0156462458323244,0.016422231665484233,0.004601027208927417,0.8062265163714439,0.5785987493679207,0.4095544820182501,1.735796248103762,0.5352321637410904,0.5558124622804768,0.1671550089652218,"[""BDDMockito$BDDStubber"", ""BDDMockito"", ""BDDMockitoTest"", ""IMethods""]","[0.02134959969500572, 0.01932367149758454, 0.010735373054213635]","[0.5200152497140679, 0.8062265163714439, 0.4095544820182501]"
org.mockitousage.customization.BDDMockitoTest.shouldStubVoidConsecutively,0.02134959969500572,0.01713621474893463,0.010735373054213635,0.05140864424680389,0.0156462458323244,0.016422231665484233,0.004601027208927417,0.8062265163714439,0.5785987493679207,0.4095544820182501,1.735796248103762,0.5352321637410904,0.5558124622804768,0.1671550089652218,"[""RuntimeException"", ""BDDMockito$BDDStubber"", ""BDDMockito"", ""BDDMockitoTest"", ""IMethods""]","[0.02134959969500572, 0.01932367149758454, 0.010735373054213635]","[0.5200152497140679, 0.8062265163714439, 0.4095544820182501]"
org.mockitousage.customization.BDDMockitoTest.shouldStubWithThrowableClass,0.02134959969500572,0.01713621474893463,0.010735373054213635,0.05140864424680389,0.0156462458323244,0.016422231665484233,0.004601027208927417,0.8062265163714439,0.5785987493679207,0.4095544820182501,1.735796248103762,0.5352321637410904,0.5558124622804768,0.1671550089652218,"[""BDDMockitoTest"", ""BDDMockito"", ""BDDMockito$BDDMyOngoingStubbing"", ""IMethods""]","[0.02134959969500572, 0.01932367149758454, 0.010735373054213635]","[0.5200152497140679, 0.8062265163714439, 0.4095544820182501]"
org.mockitousage.customization.BDDMockitoTest.shouldStubWithThrowable,0.02134959969500572,0.01713621474893463,0.010735373054213635,0.05140864424680389,0.0156462458323244,0.016422231665484233,0.004601027208927417,0.8062265163714439,0.5785987493679207,0.4095544820182501,1.735796248103762,0.5352321637410904,0.5558124622804768,0.1671550089652218,"[""RuntimeException"", ""BDDMockitoTest"", ""BDDMockito"", ""BDDMockito$BDDMyOngoingStubbing"", ""IMethods""]","[0.02134959969500572, 0.01932367149758454, 0.010735373054213635]","[0.5200152497140679, 0.8062265163714439, 0.4095544820182501]"
org.mockitousage.customization.BDDMockitoTest.shouldStubVoidWithExceptionClass,0.02134959969500572,0.01713621474893463,0.010735373054213635,0.05140864424680389,0.0156462458323244,0.016422231665484233,0.004601027208927417,0.8062265163714439,0.5785987493679207,0.4095544820182501,1.735796248103762,0.5352321637410904,0.5558124622804768,0.1671550089652218,"[""BDDMockito$BDDStubber"", ""BDDMockito"", ""BDDMockitoTest"", ""IMethods""]","[0.02134959969500572, 0.01932367149758454, 0.010735373054213635]","[0.5200152497140679, 0.8062265163714439, 0.4095544820182501]"
org.mockitousage.customization.BDDMockitoTest.shouldFailForExpectedBehaviorThatDidNotHappen,0.02134959969500572,0.01713621474893463,0.010735373054213635,0.05140864424680389,0.0156462458323244,0.016422231665484233,0.004601027208927417,0.8062265163714439,0.5785987493679207,0.4095544820182501,1.735796248103762,0.5352321637410904,0.5558124622804768,0.1671550089652218,"[""BDDMockito"", ""BDDMockitoTest"", ""BDDMockito$Then"", ""IMethods""]","[0.02134959969500572, 0.01932367149758454, 0.010735373054213635]","[0.5200152497140679, 0.8062265163714439, 0.4095544820182501]"
org.mockitousage.customization.BDDMockitoTest.shouldPassForExpectedBehaviorThatHappened,0.02134959969500572,0.01713621474893463,0.010735373054213635,0.05140864424680389,0.0156462458323244,0.016422231665484233,0.004601027208927417,0.8062265163714439,0.5785987493679207,0.4095544820182501,1.735796248103762,0.5352321637410904,0.5558124622804768,0.1671550089652218,"[""BDDMockitoTest"", ""BDDMockito"", ""BDDMockito$Then"", ""IMethods""]","[0.02134959969500572, 0.01932367149758454, 0.010735373054213635]","[0.5200152497140679, 0.8062265163714439, 0.4095544820182501]"
org.mockitousage.customization.BDDMockitoTest.shouldStub,0.02134959969500572,0.01713621474893463,0.010735373054213635,0.05140864424680389,0.0156462458323244,0.016422231665484233,0.004601027208927417,0.8062265163714439,0.5785987493679207,0.4095544820182501,1.735796248103762,0.5352321637410904,0.5558124622804768,0.1671550089652218,"[""BDDMockitoTest"", ""BDDMockito"", ""BDDMockito$BDDMyOngoingStubbing"", ""IMethods""]","[0.02134959969500572, 0.01932367149758454, 0.010735373054213635]","[0.5200152497140679, 0.8062265163714439, 0.4095544820182501]"
org.mockitousage.customization.BDDMockitoTest.shouldStubVoidConsecutivelyWithExceptionClass,0.02134959969500572,0.01713621474893463,0.010735373054213635,0.05140864424680389,0.0156462458323244,0.016422231665484233,0.004601027208927417,0.8062265163714439,0.5785987493679207,0.4095544820182501,1.735796248103762,0.5352321637410904,0.5558124622804768,0.1671550089652218,"[""BDDMockito$BDDStubber"", ""BDDMockito"", ""BDDMockitoTest"", ""IMethods""]","[0.02134959969500572, 0.01932367149758454, 0.010735373054213635]","[0.5200152497140679, 0.8062265163714439, 0.4095544820182501]"
org.mockitousage.customization.BDDMockitoTest.shouldStubConsecutively,0.02134959969500572,0.01713621474893463,0.010735373054213635,0.05140864424680389,0.0156462458323244,0.016422231665484233,0.004601027208927417,0.8062265163714439,0.5785987493679207,0.4095544820182501,1.735796248103762,0.5352321637410904,0.5558124622804768,0.1671550089652218,"[""BDDMockito"", ""BDDMockito$BDDMyOngoingStubbing"", ""BDDMockitoTest"", ""IMethods""]","[0.02134959969500572, 0.01932367149758454, 0.010735373054213635]","[0.5200152497140679, 0.8062265163714439, 0.4095544820182501]"
org.mockito.internal.invocation.InvocationImplTest.shouldBeAbleToCallRealMethod,0.0484178421654594,0.025278439799307238,0.0021390374331550803,0.050556879598614476,0.004097071561645603,0.010176815652477546,0.02313940236615216,0.7415173465497522,0.3782453042909189,0.014973262032085561,0.7564906085818378,0.029353790794681388,0.10537045853191603,0.36327204225883336,"[""InvocationImplTest"", ""InvocationImplTest$Foo"", ""Object"", ""Invocation"", ""InvocationImplTest$1""]","[0.0484178421654594, 0.0021390374331550803]","[0.7415173465497522, 0.014973262032085561]"
org.mockitousage.debugging.PrintingInvocationsDetectsUnusedStubTest.shouldDetectUnusedStubbingWhenPrinting,0.01932367149758454,0.008423871942871674,0.00362844702467344,0.05054323165723004,0.005647345561818001,0.006725738851337447,0.005961356205407939,0.8062265163714439,0.19751782810468396,0.018867924528301886,1.1851069686281037,0.04169101695548203,0.07496134525948175,0.28351396861792005,"[""NewMockito"", ""PrintingInvocationsDetectsUnusedStubTest"", ""BDDMockito"", ""Foo"", ""BDDMockito$BDDMyOngoingStubbing"", ""MockitoDebugger"", ""MockitoDebuggerImpl""]","[0.01932367149758454, 0.013620071684587814, 0.005734767025089606, 0.004357298474945534, 0.003878975950349108, 0.00362844702467344]","[0.8062265163714439, 0.24802867383512545, 0.02939068100358423, 0.05156136528685548, 0.031031807602792862, 0.018867924528301886]"
org.mockitousage.matchers.InvalidUseOfMatchersTest.should_scream_when_no_matchers_inside_not,0.02134959969500572,0.012502295058578082,0.006901840490797546,0.05000918023431233,0.010441118362226257,0.011376854376129678,0.005572798145205827,0.5200152497140679,0.27279503239060654,0.03412576687116564,1.0911801295624262,0.10128462884242512,0.18426745947203493,0.18192576537200755,"[""InvalidUseOfMatchersTest"", ""AdditionalMatchers"", ""InvalidUseOfMatchersException"", ""IMethods""]","[0.02134959969500572, 0.01303680981595092, 0.00872093023255814, 0.006901840490797546]","[0.5200152497140679, 0.18404907975460122, 0.35299003322259137, 0.03412576687116564]"
org.mockito.internal.configuration.plugins.PluginFinderTest.no_valid_impl,0.026022304832713755,0.016572995765722912,0.009478672985781991,0.04971898729716873,0.014001555728414267,0.015193017331631866,0.006956167957568239,0.32701421800947866,0.21650017324712087,0.04739336492890995,0.6495005197413626,0.10794043615884819,0.1621515881550322,0.12144076560257772,"[""URI"", ""Arrays"", ""TemporaryFolder"", ""IOUtil"", ""File"", ""PluginFinderTest"", ""PluginFinder""]","[0.026022304832713755, 0.014218009478672985, 0.009478672985781991]","[0.275092936802974, 0.32701421800947866, 0.04739336492890995]"
org.mockito.internal.stubbing.InvocationContainerImplStubbingTest.should_add_throwable_for_void_method,0.022672064777327937,0.01172997698292459,0.0012091898428053204,0.04691990793169836,0.0037851847568206552,0.0076373056927457736,0.007869130394433054,0.27528901734104044,0.15510178813011127,0.0,0.6204071525204451,0.14933266497267475,0.17939217577024952,0.09063967829308114,"[""ThrowsException"", ""RuntimeException"", ""InvocationContainerImplStubbingTest"", ""InvocationContainerImplStubbingTest$MyException"", ""InvocationContainerImpl"", ""InvocationMatcher""]","[0.022672064777327937, 0.014450867052023121, 0.008587786259541985, 0.0012091898428053204]","[0.2663967611336032, 0.27528901734104044, 0.07872137404580153, 0.0]"
org.mockito.internal.stubbing.InvocationContainerImplStubbingTest.should_validate_throwable_for_void_method,0.022672064777327937,0.01172997698292459,0.0012091898428053204,0.04691990793169836,0.0037851847568206552,0.0076373056927457736,0.007869130394433054,0.27528901734104044,0.15510178813011127,0.0,0.6204071525204451,0.14933266497267475,0.17939217577024952,0.09063967829308114,"[""Exception"", ""ThrowsException"", ""InvocationContainerImplStubbingTest"", ""InvocationContainerImpl"", ""InvocationMatcher""]","[0.022672064777327937, 0.014450867052023121, 0.008587786259541985, 0.0012091898428053204]","[0.2663967611336032, 0.27528901734104044, 0.07872137404580153, 0.0]"
org.mockito.internal.creation.MockSettingsImplTest.shouldReportErrorWhenAddingNoInvocationListeners,0.031687995124923825,0.023165535085341717,0.01464307504575961,0.046331070170683435,0.020030173659037653,0.021540884166252883,0.008522460039582107,0.5527117611212675,0.4911209812317747,0.42953020134228187,0.9822419624635494,0.48339696960864736,0.48724367008578495,0.061590779889492825,"[""MockSettingsImplTest"", ""MockSettingsImpl"", ""Exception""]","[0.031687995124923825, 0.01464307504575961]","[0.5527117611212675, 0.42953020134228187]"
org.mockito.internal.creation.MockSettingsImplTest.shouldReportErrorWhenAddingANullInvocationListener,0.031687995124923825,0.023165535085341717,0.01464307504575961,0.046331070170683435,0.020030173659037653,0.021540884166252883,0.008522460039582107,0.5527117611212675,0.4911209812317747,0.42953020134228187,0.9822419624635494,0.48339696960864736,0.48724367008578495,0.061590779889492825,"[""MockSettingsImplTest"", ""MockSettingsImpl"", ""Exception""]","[0.031687995124923825, 0.01464307504575961]","[0.5527117611212675, 0.42953020134228187]"
org.mockito.internal.creation.MockSettingsImplTest.shouldSetMockToBeSerializable,0.031687995124923825,0.023165535085341717,0.01464307504575961,0.046331070170683435,0.020030173659037653,0.021540884166252883,0.008522460039582107,0.5527117611212675,0.4911209812317747,0.42953020134228187,0.9822419624635494,0.48339696960864736,0.48724367008578495,0.061590779889492825,"[""MockSettingsImplTest"", ""MockSettingsImpl""]","[0.031687995124923825, 0.01464307504575961]","[0.5527117611212675, 0.42953020134228187]"
org.mockito.internal.creation.MockSettingsImplTest.shouldAddInvocationListener,0.031687995124923825,0.023165535085341717,0.01464307504575961,0.046331070170683435,0.020030173659037653,0.021540884166252883,0.008522460039582107,0.5527117611212675,0.4911209812317747,0.42953020134228187,0.9822419624635494,0.48339696960864736,0.48724367008578495,0.061590779889492825,"[""MockSettingsImplTest"", ""MockSettingsImpl""]","[0.031687995124923825, 0.01464307504575961]","[0.5527117611212675, 0.42953020134228187]"
org.mockito.internal.creation.MockSettingsImplTest.shouldAddVerboseLoggingListener,0.031687995124923825,0.023165535085341717,0.01464307504575961,0.046331070170683435,0.020030173659037653,0.021540884166252883,0.008522460039582107,0.5527117611212675,0.4911209812317747,0.42953020134228187,0.9822419624635494,0.48339696960864736,0.48724367008578495,0.061590779889492825,"[""MockSettingsImplTest"", ""MockSettingsImpl""]","[0.031687995124923825, 0.01464307504575961]","[0.5527117611212675, 0.42953020134228187]"
org.mockito.internal.creation.MockSettingsImplTest.shouldNotAllowNullListener,0.031687995124923825,0.023165535085341717,0.01464307504575961,0.046331070170683435,0.020030173659037653,0.021540884166252883,0.008522460039582107,0.5527117611212675,0.4911209812317747,0.42953020134228187,0.9822419624635494,0.48339696960864736,0.48724367008578495,0.061590779889492825,"[""MockSettingsImplTest"", ""MockSettingsImpl""]","[0.031687995124923825, 0.01464307504575961]","[0.5527117611212675, 0.42953020134228187]"
org.mockito.internal.creation.MockSettingsImplTest.shouldNotAllowEmptyExtraInterfaces,0.031687995124923825,0.023165535085341717,0.01464307504575961,0.046331070170683435,0.020030173659037653,0.021540884166252883,0.008522460039582107,0.5527117611212675,0.4911209812317747,0.42953020134228187,0.9822419624635494,0.48339696960864736,0.48724367008578495,0.061590779889492825,"[""MockSettingsImplTest"", ""MockSettingsImpl""]","[0.031687995124923825, 0.01464307504575961]","[0.5527117611212675, 0.42953020134228187]"
org.mockito.internal.creation.MockSettingsImplTest.shouldNotAllowUsingTheSameInterfaceAsExtra,0.031687995124923825,0.023165535085341717,0.01464307504575961,0.046331070170683435,0.020030173659037653,0.021540884166252883,0.008522460039582107,0.5527117611212675,0.4911209812317747,0.42953020134228187,0.9822419624635494,0.48339696960864736,0.48724367008578495,0.061590779889492825,"[""MockSettingsImplTest"", ""MockSettingsImpl""]","[0.031687995124923825, 0.01464307504575961]","[0.5527117611212675, 0.42953020134228187]"
org.mockito.internal.creation.MockSettingsImplTest.shouldKnowIfIsSerializable,0.031687995124923825,0.023165535085341717,0.01464307504575961,0.046331070170683435,0.020030173659037653,0.021540884166252883,0.008522460039582107,0.5527117611212675,0.4911209812317747,0.42953020134228187,0.9822419624635494,0.48339696960864736,0.48724367008578495,0.061590779889492825,"[""MockSettingsImplTest"", ""MockSettingsImpl""]","[0.031687995124923825, 0.01464307504575961]","[0.5527117611212675, 0.42953020134228187]"
org.mockito.internal.creation.MockSettingsImplTest.shouldNotAllowSettingNullInterface,0.031687995124923825,0.023165535085341717,0.01464307504575961,0.046331070170683435,0.020030173659037653,0.021540884166252883,0.008522460039582107,0.5527117611212675,0.4911209812317747,0.42953020134228187,0.9822419624635494,0.48339696960864736,0.48724367008578495,0.061590779889492825,"[""MockSettingsImplTest"", ""MockSettingsImpl""]","[0.031687995124923825, 0.01464307504575961]","[0.5527117611212675, 0.42953020134228187]"
org.mockito.internal.creation.MockSettingsImplTest.shouldNotAllowNonInterfaces,0.031687995124923825,0.023165535085341717,0.01464307504575961,0.046331070170683435,0.020030173659037653,0.021540884166252883,0.008522460039582107,0.5527117611212675,0.4911209812317747,0.42953020134228187,0.9822419624635494,0.48339696960864736,0.48724367008578495,0.061590779889492825,"[""MockSettingsImplTest"", ""MockSettingsImpl""]","[0.031687995124923825, 0.01464307504575961]","[0.5527117611212675, 0.42953020134228187]"
org.mockito.internal.creation.MockSettingsImplTest.shouldAllowMultipleInterfaces,0.031687995124923825,0.023165535085341717,0.01464307504575961,0.046331070170683435,0.020030173659037653,0.021540884166252883,0.008522460039582107,0.5527117611212675,0.4911209812317747,0.42953020134228187,0.9822419624635494,0.48339696960864736,0.48724367008578495,0.061590779889492825,"[""MockSettingsImplTest"", ""MockSettingsImpl"", ""Set""]","[0.031687995124923825, 0.01464307504575961]","[0.5527117611212675, 0.42953020134228187]"
org.mockito.internal.creation.MockSettingsImplTest.shouldNotAllowNullArrayOfExtraInterfaces,0.031687995124923825,0.023165535085341717,0.01464307504575961,0.046331070170683435,0.020030173659037653,0.021540884166252883,0.008522460039582107,0.5527117611212675,0.4911209812317747,0.42953020134228187,0.9822419624635494,0.48339696960864736,0.48724367008578495,0.061590779889492825,"[""MockSettingsImplTest"", ""MockSettingsImpl""]","[0.031687995124923825, 0.01464307504575961]","[0.5527117611212675, 0.42953020134228187]"
org.mockitousage.verification.DescriptiveMessagesOnVerificationInOrderErrorsTest.shouldPrintVerificationInOrderErrorAndShowWantedAndActual,0.02134959969500572,0.01129876595247836,0.0055579307396323215,0.04519506380991344,0.008768826100507249,0.009862036404927655,0.006144973703325169,0.5200152497140679,0.17142292923436345,0.02330793366203496,0.6856917169374538,0.05031670827843685,0.08399361843217092,0.20339110084665601,"[""ArgumentsAreDifferent"", ""DescriptiveMessagesOnVerificationInOrderErrorsTest"", ""InOrder"", ""IMethods""]","[0.02134959969500572, 0.011115861479264643, 0.007171671896010758, 0.0055579307396323215]","[0.5200152497140679, 0.10218041898247114, 0.02330793366203496, 0.040188114578879865]"
org.mockitousage.annotation.MockInjectionUsingSetterOrPropertyTest.shouldIInjectMocksInSpy,0.03736179946626001,0.021877246765093478,0.006392694063926941,0.043754493530186955,0.010917395421378043,0.015454531816447532,0.015484552701166535,0.48189096454441477,0.4779317836420704,0.473972602739726,0.9558635672841408,0.47789898583712426,0.4779153844582462,0.0039591809023443725,"[""MockInjectionUsingSetterOrPropertyTest$SuperUnderTesting"", ""Object"", ""MockUtil"", ""MockInjectionUsingSetterOrPropertyTest""]","[0.03736179946626001, 0.006392694063926941]","[0.48189096454441477, 0.473972602739726]"
org.mockitousage.annotation.MockInjectionUsingConstructorTest.objects_created_with_constructor_initialization_can_be_spied,0.03736179946626001,0.021877246765093478,0.006392694063926941,0.043754493530186955,0.010917395421378043,0.015454531816447532,0.015484552701166535,0.48189096454441477,0.28341123569686494,0.08493150684931507,0.5668224713937299,0.14441109102535044,0.20230602006818038,0.19847972884754986,"[""MockUtil"", ""MockInjectionUsingConstructorTest""]","[0.03736179946626001, 0.006392694063926941]","[0.48189096454441477, 0.08493150684931507]"
org.mockitousage.annotation.MockInjectionUsingSetterOrPropertyTest.shouldInitializeSpyIfNullAndInjectMocks,0.03736179946626001,0.021877246765093478,0.006392694063926941,0.043754493530186955,0.010917395421378043,0.015454531816447532,0.015484552701166535,0.48189096454441477,0.4779317836420704,0.473972602739726,0.9558635672841408,0.47789898583712426,0.4779153844582462,0.0039591809023443725,"[""MockInjectionUsingSetterOrPropertyTest$SuperUnderTesting"", ""Object"", ""MockUtil"", ""MockInjectionUsingSetterOrPropertyTest""]","[0.03736179946626001, 0.006392694063926941]","[0.48189096454441477, 0.473972602739726]"
org.mockito.internal.invocation.InvocationsFinderTest.shouldFindFirstUnverifiedInOrder,0.020808794660384766,0.014297676925055241,0.008661417322834646,0.04289303077516572,0.012604451555017458,0.013424348108095745,0.00499758118893575,0.24460149195131528,0.16613259934462013,0.06377952755905512,0.49839779803386036,0.1198562300241596,0.14365170451294285,0.07572752125418789,"[""InvocationsFinderTest"", ""InvocationsFinder"", ""InOrderContextImpl""]","[0.020808794660384766, 0.013422818791946308, 0.008661417322834646]","[0.24460149195131528, 0.19001677852348994, 0.06377952755905512]"
org.mockito.internal.invocation.InvocationsFinderTest.shouldFindFirstUnverifiedInOrderAndRespectSequenceNumber,0.020808794660384766,0.014297676925055241,0.008661417322834646,0.04289303077516572,0.012604451555017458,0.013424348108095745,0.00499758118893575,0.24460149195131528,0.16613259934462013,0.06377952755905512,0.49839779803386036,0.1198562300241596,0.14365170451294285,0.07572752125418789,"[""InvocationsFinderTest"", ""InvocationsFinder"", ""InOrderContextImpl""]","[0.020808794660384766, 0.013422818791946308, 0.008661417322834646]","[0.24460149195131528, 0.19001677852348994, 0.06377952755905512]"
org.mockito.internal.verification.SmartPrinterTest.shouldPrintBothInMultilinesWhenFirstIsMulti,0.022672064777327937,0.01404814219545772,0.008165829145728644,0.042144426586373164,0.011764100341982445,0.012792053530426081,0.006231374121861919,0.2663967611336032,0.16543208620701347,0.09987437185929648,0.49629625862104043,0.13981321434456878,0.1512411929988547,0.07244614632254465,"[""InvocationMatcher"", ""SmartPrinterTest"", ""String"", ""SmartPrinter""]","[0.022672064777327937, 0.011306532663316583, 0.008165829145728644]","[0.2663967611336032, 0.09987437185929648, 0.1300251256281407]"
org.mockito.internal.verification.SmartPrinterTest.shouldPrintBothInSingleLineWhenBothAreShort,0.022672064777327937,0.01404814219545772,0.008165829145728644,0.042144426586373164,0.011764100341982445,0.012792053530426081,0.006231374121861919,0.2663967611336032,0.16543208620701347,0.09987437185929648,0.49629625862104043,0.13981321434456878,0.1512411929988547,0.07244614632254465,"[""InvocationMatcher"", ""SmartPrinterTest"", ""String"", ""SmartPrinter""]","[0.022672064777327937, 0.011306532663316583, 0.008165829145728644]","[0.2663967611336032, 0.09987437185929648, 0.1300251256281407]"
org.mockito.internal.verification.SmartPrinterTest.shouldPrintBothInMultilinesWhenBothAreMulti,0.022672064777327937,0.01404814219545772,0.008165829145728644,0.042144426586373164,0.011764100341982445,0.012792053530426081,0.006231374121861919,0.2663967611336032,0.16543208620701347,0.09987437185929648,0.49629625862104043,0.13981321434456878,0.1512411929988547,0.07244614632254465,"[""InvocationMatcher"", ""SmartPrinterTest"", ""String"", ""SmartPrinter""]","[0.022672064777327937, 0.011306532663316583, 0.008165829145728644]","[0.2663967611336032, 0.09987437185929648, 0.1300251256281407]"
org.mockito.internal.verification.SmartPrinterTest.shouldPrintBothInMultilinesWhenSecondIsMulti,0.022672064777327937,0.01404814219545772,0.008165829145728644,0.042144426586373164,0.011764100341982445,0.012792053530426081,0.006231374121861919,0.2663967611336032,0.16543208620701347,0.09987437185929648,0.49629625862104043,0.13981321434456878,0.1512411929988547,0.07244614632254465,"[""InvocationMatcher"", ""SmartPrinterTest"", ""String"", ""SmartPrinter""]","[0.022672064777327937, 0.011306532663316583, 0.008165829145728644]","[0.2663967611336032, 0.09987437185929648, 0.1300251256281407]"
org.mockito.internal.creation.instance.ConstructorInstantiatorTest.creates_instances,0.022727272727272728,0.02092647789369101,0.01912568306010929,0.04185295578738202,0.02077151335311573,0.020848851647092794,0.001800794833581719,0.3224043715846995,0.2131502377404017,0.1038961038961039,0.4263004754808034,0.15714999167637755,0.18302064934515452,0.10925413384429779,"[""Object"", ""ConstructorInstantiatorTest"", ""ConstructorInstantiator""]","[0.022727272727272728, 0.01912568306010929]","[0.1038961038961039, 0.3224043715846995]"
org.mockito.internal.verification.checkers.NumberOfInvocationsInOrderCheckerTest.shouldPassIfChunkMatches,0.022672064777327937,0.01390492740819149,0.008234688625836336,0.04171478222457447,0.011624822686856339,0.012636542140038193,0.006287688667945776,0.2663967611336032,0.1460986287326456,0.07050952135872363,0.43829588619793675,0.10791667634399144,0.12395290538145026,0.08599273366901947,"[""InvocationMatcher"", ""NumberOfInvocationsInOrderChecker"", ""List"", ""NumberOfInvocationsInOrderCheckerTest""]","[0.022672064777327937, 0.01080802882141019, 0.008234688625836336]","[0.2663967611336032, 0.07050952135872363, 0.10138960370560988]"
org.mockitointegration.NoJUnitDependenciesTest.pure_mockito_should_not_depend_JUnit___ByteBuddy,0.026785714285714284,0.013886010636775165,0.005698005698005698,0.041658031910325494,0.00932159502848265,0.011187504021464852,0.009231213062994138,0.5056980056980057,0.3323383915891561,0.009174311926605505,0.9970151747674684,0.026536569339764986,0.1307816543354683,0.2287137629497786,"[""Plugins"", ""HashSet"", ""Collections"", ""Arrays"", ""ClassLoaders"", ""NoJUnitDependenciesTest"", ""File"", ""AssertionError"", ""ClassNotFoundException"", ""ClassLoaders$ExcludingURLClassLoaderBuilder"", ""Assume"", ""URLClassLoader"", ""IllegalArgumentException"", ""Enumeration"", ""URL"", ""URI"", ""StringBuilder"", ""String"", ""Object"", ""ArrayList"", ""ClassLoaders$LocalExcludingURLClassLoader"", ""CharSequence"", ""Class"", ""Set"", ""Iterator"", ""ClassLoader"", ""ClassLoaders$ReachableClassesFinder""]","[0.026785714285714284, 0.009174311926605505, 0.005698005698005698]","[0.48214285714285715, 0.009174311926605505, 0.5056980056980057]"
org.mockito.internal.invocation.InvocationsFinderTest.shouldFindPreviousInOrder,0.020808794660384766,0.013772742541853141,0.007086614173228346,0.04131822762555942,0.01137795729489264,0.01255576407948833,0.005607518423425568,0.24460149195131528,0.16193312427900333,0.051181102362204724,0.48579937283700997,0.10384418288641221,0.13349148452795265,0.08142227583814203,"[""InvocationsFinder"", ""InvocationsFinderTest"", ""InOrderContext""]","[0.020808794660384766, 0.013422818791946308, 0.007086614173228346]","[0.24460149195131528, 0.19001677852348994, 0.051181102362204724]"
org.mockitousage.annotation.MockInjectionUsingConstructorIssue421Test.mockJustWorks,0.03736179946626001,0.020134388105223028,0.0029069767441860465,0.040268776210446056,0.005394247970276593,0.010421606506165951,0.017227411361036983,0.48189096454441477,0.25838734273732367,0.03488372093023256,0.5167746854746473,0.06505794652277971,0.12965396224554016,0.2235036218070911,"[""Object"", ""MockUtil"", ""MockInjectionUsingConstructorIssue421Test$Issue421"", ""MockInjectionUsingConstructorIssue421Test""]","[0.03736179946626001, 0.0029069767441860465]","[0.48189096454441477, 0.03488372093023256]"
org.mockitousage.customization.BDDMockitoTest.shouldStubConsecutivelyWithCallRealMethod,0.01932367149758454,0.013379896571029498,0.010080645161290322,0.0401396897130885,0.012290045063498567,0.01278787467765875,0.004211374473700262,0.8062265163714439,0.6167298668467439,0.4095544820182501,1.8501896005402316,0.5705271407232323,0.5938990190836562,0.16242245117990214,"[""BDDMockito$BDDStubber"", ""BDDMockito"", ""MethodsImpl"", ""BDDMockitoTest""]","[0.01932367149758454, 0.010735373054213635, 0.010080645161290322]","[0.8062265163714439, 0.4095544820182501, 0.6344086021505376]"
org.mockito.internal.util.reflection.SuperTypesLastSorterTest.using_Collections_dot_sort,0.02666666666666667,0.02,0.013333333333333334,0.04,0.017777777777777778,0.018856180831641273,0.006666666666666667,3.973333333333333,1.9866666666666666,0.0,3.973333333333333,3.9733333333333327,3.9733333333333336,0.0,"[""Object"", ""Class"", ""Arrays"", ""SuperTypesLastSorter"", ""SuperTypesLastSorterTest""]","[0.02666666666666667, 0.013333333333333334]","[3.973333333333333, 0.0]"
org.mockitousage.verification.DescriptiveMessagesOnVerificationInOrderErrorsTest.shouldNotSayArgumentsAreDifferent,0.02134959969500572,0.009935401243080483,0.001718213058419244,0.03974160497232193,0.004450755115235124,0.0068997086449698675,0.007388535753785039,0.5200152497140679,0.16631186792652938,0.0028636884306987398,0.6652474717061175,0.010368264956275101,0.0497280911583708,0.20726880709033713,"[""DescriptiveMessagesOnVerificationInOrderErrorsTest"", ""VerificationInOrderFailure"", ""InOrder"", ""IMethods""]","[0.02134959969500572, 0.011115861479264643, 0.0055579307396323215, 0.001718213058419244]","[0.5200152497140679, 0.10218041898247114, 0.040188114578879865, 0.0028636884306987398]"
org.mockitousage.verification.DescriptiveMessagesOnVerificationInOrderErrorsTest.shouldPrintVerificationInOrderErrorAndShowWantedOnly,0.02134959969500572,0.009923908179144568,0.0016722408026755853,0.03969563271657827,0.004372904212073841,0.006853086322209929,0.007401333541658237,0.5200152497140679,0.16674561137069416,0.00459866220735786,0.6669824454827766,0.015745108386659382,0.055979398174526664,0.20692784645896137,"[""WantedButNotInvoked"", ""DescriptiveMessagesOnVerificationInOrderErrorsTest"", ""InOrder"", ""IMethods""]","[0.02134959969500572, 0.011115861479264643, 0.0055579307396323215, 0.0016722408026755853]","[0.5200152497140679, 0.10218041898247114, 0.040188114578879865, 0.00459866220735786]"
org.mockito.internal.AllInvocationsFinderTest.shouldGetAllInvocationsInOrder,0.02134959969500572,0.012712169985242288,0.005008347245409015,0.038136509955726865,0.00905234193425557,0.010799214302155349,0.0067038719849595975,0.5200152497140679,0.21278393050320463,0.022537562604340568,0.6383517915096139,0.05288028747440676,0.10393487603621952,0.21929450733068845,"[""Arrays"", ""AllInvocationsFinderTest"", ""AllInvocationsFinder"", ""Integer"", ""List"", ""IMethods""]","[0.02134959969500572, 0.011778563015312132, 0.005008347245409015]","[0.5200152497140679, 0.09579897919120534, 0.022537562604340568]"
org.mockito.internal.AllInvocationsFinderTest.shouldNotCountDuplicatedInteractions,0.02134959969500572,0.012712169985242288,0.005008347245409015,0.038136509955726865,0.00905234193425557,0.010799214302155349,0.0067038719849595975,0.5200152497140679,0.21278393050320463,0.022537562604340568,0.6383517915096139,0.05288028747440676,0.10393487603621952,0.21929450733068845,"[""Arrays"", ""AllInvocationsFinderTest"", ""AllInvocationsFinder"", ""List"", ""IMethods""]","[0.02134959969500572, 0.011778563015312132, 0.005008347245409015]","[0.5200152497140679, 0.09579897919120534, 0.022537562604340568]"
org.mockito.internal.exceptions.stacktrace.StackTraceFilterTest.shouldFilterOutTracesMiddleBadTraces,0.013523956723338485,0.009532200670923757,0.0022251891410769915,0.03812880268369503,0.00565361175919573,0.007776364758604463,0.004533575088328596,0.29039722329348244,0.15358034159047446,0.017801513128615932,0.6143213663618978,0.054419720477397474,0.1033251231138362,0.09989281483113865,"[""ExtraMatchers$2"", ""StackTraceFilterTest"", ""StackTraceFilter"", ""Object"", ""StringBuilder"", ""Collections"", ""Arrays"", ""TraceBuilder"", ""LinkedList"", ""StackTraceElement"", ""Class"", ""AssertionError"", ""ExtraMatchers"", ""List""]","[0.013523956723338485, 0.013112225221750868, 0.009267431597528684, 0.0022251891410769915]","[0.11591962905718702, 0.29039722329348244, 0.19020300088261252, 0.017801513128615932]"
org.mockito.internal.exceptions.stacktrace.StackTraceFilterTest.shouldKeepInternalRunners,0.013523956723338485,0.009532200670923757,0.0022251891410769915,0.03812880268369503,0.00565361175919573,0.007776364758604463,0.004533575088328596,0.29039722329348244,0.15358034159047446,0.017801513128615932,0.6143213663618978,0.054419720477397474,0.1033251231138362,0.09989281483113865,"[""ExtraMatchers$2"", ""StackTraceFilterTest"", ""StackTraceFilter"", ""Object"", ""StringBuilder"", ""Collections"", ""Arrays"", ""TraceBuilder"", ""LinkedList"", ""StackTraceElement"", ""Class"", ""AssertionError"", ""ExtraMatchers"", ""List""]","[0.013523956723338485, 0.013112225221750868, 0.009267431597528684, 0.0022251891410769915]","[0.11591962905718702, 0.29039722329348244, 0.19020300088261252, 0.017801513128615932]"
org.mockito.internal.exceptions.stacktrace.StackTraceFilterTest.shouldFilterOutCglibGarbage,0.013523956723338485,0.009532200670923757,0.0022251891410769915,0.03812880268369503,0.00565361175919573,0.007776364758604463,0.004533575088328596,0.29039722329348244,0.15358034159047446,0.017801513128615932,0.6143213663618978,0.054419720477397474,0.1033251231138362,0.09989281483113865,"[""ExtraMatchers$2"", ""StackTraceFilterTest"", ""StackTraceFilter"", ""Object"", ""StringBuilder"", ""Collections"", ""Arrays"", ""TraceBuilder"", ""LinkedList"", ""StackTraceElement"", ""Class"", ""AssertionError"", ""ExtraMatchers"", ""List""]","[0.013523956723338485, 0.013112225221750868, 0.009267431597528684, 0.0022251891410769915]","[0.11591962905718702, 0.29039722329348244, 0.19020300088261252, 0.017801513128615932]"
org.mockito.internal.exceptions.stacktrace.StackTraceFilterTest.shouldKeepRunners,0.013523956723338485,0.009532200670923757,0.0022251891410769915,0.03812880268369503,0.00565361175919573,0.007776364758604463,0.004533575088328596,0.29039722329348244,0.15358034159047446,0.017801513128615932,0.6143213663618978,0.054419720477397474,0.1033251231138362,0.09989281483113865,"[""ExtraMatchers$2"", ""StackTraceFilterTest"", ""StackTraceFilter"", ""Object"", ""StringBuilder"", ""Collections"", ""Arrays"", ""TraceBuilder"", ""LinkedList"", ""StackTraceElement"", ""Class"", ""AssertionError"", ""ExtraMatchers"", ""List""]","[0.013523956723338485, 0.013112225221750868, 0.009267431597528684, 0.0022251891410769915]","[0.11591962905718702, 0.29039722329348244, 0.19020300088261252, 0.017801513128615932]"
org.mockito.internal.exceptions.stacktrace.StackTraceFilterTest.shouldStartFilteringAndKeepTop,0.013523956723338485,0.009532200670923757,0.0022251891410769915,0.03812880268369503,0.00565361175919573,0.007776364758604463,0.004533575088328596,0.29039722329348244,0.15358034159047446,0.017801513128615932,0.6143213663618978,0.054419720477397474,0.1033251231138362,0.09989281483113865,"[""ExtraMatchers$2"", ""StackTraceFilterTest"", ""StackTraceFilter"", ""Object"", ""StringBuilder"", ""Collections"", ""Arrays"", ""TraceBuilder"", ""LinkedList"", ""StackTraceElement"", ""Class"", ""AssertionError"", ""ExtraMatchers"", ""List""]","[0.013523956723338485, 0.013112225221750868, 0.009267431597528684, 0.0022251891410769915]","[0.11591962905718702, 0.29039722329348244, 0.19020300088261252, 0.017801513128615932]"
org.mockito.internal.exceptions.stacktrace.StackTraceFilterTest.shouldKeepGoodTraceFromTheTopBecauseRealImplementationsOfSpiesSometimesThrowExceptions,0.013523956723338485,0.009532200670923757,0.0022251891410769915,0.03812880268369503,0.00565361175919573,0.007776364758604463,0.004533575088328596,0.29039722329348244,0.15358034159047446,0.017801513128615932,0.6143213663618978,0.054419720477397474,0.1033251231138362,0.09989281483113865,"[""ExtraMatchers$2"", ""StackTraceFilterTest"", ""StackTraceFilter"", ""Object"", ""StringBuilder"", ""Collections"", ""Arrays"", ""TraceBuilder"", ""LinkedList"", ""StackTraceElement"", ""Class"", ""AssertionError"", ""ExtraMatchers"", ""List""]","[0.013523956723338485, 0.013112225221750868, 0.009267431597528684, 0.0022251891410769915]","[0.11591962905718702, 0.29039722329348244, 0.19020300088261252, 0.017801513128615932]"
org.mockito.internal.exceptions.stacktrace.StackTraceFilterTest.shouldFilterOutMockitoPackage,0.013523956723338485,0.009532200670923757,0.0022251891410769915,0.03812880268369503,0.00565361175919573,0.007776364758604463,0.004533575088328596,0.29039722329348244,0.15358034159047446,0.017801513128615932,0.6143213663618978,0.054419720477397474,0.1033251231138362,0.09989281483113865,"[""ExtraMatchers$2"", ""StackTraceFilterTest"", ""StackTraceFilter"", ""Object"", ""StringBuilder"", ""Collections"", ""Arrays"", ""TraceBuilder"", ""LinkedList"", ""StackTraceElement"", ""Class"", ""AssertionError"", ""ExtraMatchers"", ""List""]","[0.013523956723338485, 0.013112225221750868, 0.009267431597528684, 0.0022251891410769915]","[0.11591962905718702, 0.29039722329348244, 0.19020300088261252, 0.017801513128615932]"
org.mockito.internal.stubbing.InvocationContainerImplStubbingTest.should_finish_stubbing_when_wrong_throwable_is_set,0.014450867052023121,0.009414256603302074,0.0012091898428053204,0.0376570264132083,0.0036791075005481494,0.00669758119439413,0.005228122453821259,0.27528901734104044,0.10089593388896974,0.0,0.40358373555587895,0.08217442877423843,0.10241807044566,0.10024193575314105,"[""Exception"", ""ThrowsException"", ""MockingProgress"", ""InvocationContainerImplStubbingTest"", ""InvocationContainerImpl""]","[0.014450867052023121, 0.013409183258837871, 0.008587786259541985, 0.0012091898428053204]","[0.27528901734104044, 0.04957334416903698, 0.07872137404580153, 0.0]"
org.mockito.internal.matchers.MatchersPrinterTest.shouldGetArgumentsBlock,0.013182674199623353,0.009247312528645002,0.006277463904582548,0.036989250114580007,0.008548002080640067,0.00888477741765666,0.002636610220607392,0.20213433772755807,0.1112669616423062,0.06151480199923107,0.4450678465692248,0.09218196240875666,0.10041326843468848,0.05404076764395361,"[""MatchersPrinterTest"", ""Arrays"", ""Equals"", ""MatchersPrinter"", ""Integer"", ""PrintSettings""]","[0.013182674199623353, 0.009996155324875048, 0.007532956685499058, 0.006277463904582548]","[0.20213433772755807, 0.06151480199923107, 0.0834902699309479, 0.09792843691148775]"
org.mockito.internal.matchers.MatchersPrinterTest.shouldGetVerboseArgumentsEvenIfSomeMatchersAreNotVerbose,0.013182674199623353,0.009247312528645002,0.006277463904582548,0.036989250114580007,0.008548002080640067,0.00888477741765666,0.002636610220607392,0.20213433772755807,0.1112669616423062,0.06151480199923107,0.4450678465692248,0.09218196240875666,0.10041326843468848,0.05404076764395361,"[""MatchersPrinterTest"", ""Arrays"", ""Equals"", ""MatchersPrinter"", ""Integer"", ""Long"", ""PrintSettings""]","[0.013182674199623353, 0.009996155324875048, 0.007532956685499058, 0.006277463904582548]","[0.20213433772755807, 0.06151480199923107, 0.0834902699309479, 0.09792843691148775]"
org.mockito.internal.matchers.MatchersPrinterTest.shouldGetVerboseArgumentsInBlock,0.013182674199623353,0.009247312528645002,0.006277463904582548,0.036989250114580007,0.008548002080640067,0.00888477741765666,0.002636610220607392,0.20213433772755807,0.1112669616423062,0.06151480199923107,0.4450678465692248,0.09218196240875666,0.10041326843468848,0.05404076764395361,"[""MatchersPrinterTest"", ""Arrays"", ""Equals"", ""MatchersPrinter"", ""Integer"", ""Long"", ""PrintSettings""]","[0.013182674199623353, 0.009996155324875048, 0.007532956685499058, 0.006277463904582548]","[0.20213433772755807, 0.06151480199923107, 0.0834902699309479, 0.09792843691148775]"
org.mockito.internal.matchers.MatchersPrinterTest.shouldGetArgumentsLine,0.013182674199623353,0.009247312528645002,0.006277463904582548,0.036989250114580007,0.008548002080640067,0.00888477741765666,0.002636610220607392,0.20213433772755807,0.1112669616423062,0.06151480199923107,0.4450678465692248,0.09218196240875666,0.10041326843468848,0.05404076764395361,"[""MatchersPrinterTest"", ""Arrays"", ""Equals"", ""MatchersPrinter"", ""Integer"", ""PrintSettings""]","[0.013182674199623353, 0.009996155324875048, 0.007532956685499058, 0.006277463904582548]","[0.20213433772755807, 0.06151480199923107, 0.0834902699309479, 0.09792843691148775]"
org.mockito.internal.matchers.MatchersPrinterTest.shouldDescribeTypeInfoOnlyMarkedMatchers,0.013182674199623353,0.009247312528645002,0.006277463904582548,0.036989250114580007,0.008548002080640067,0.00888477741765666,0.002636610220607392,0.20213433772755807,0.1112669616423062,0.06151480199923107,0.4450678465692248,0.09218196240875666,0.10041326843468848,0.05404076764395361,"[""MatchersPrinterTest"", ""Arrays"", ""Equals"", ""MatchersPrinter"", ""Integer"", ""Long"", ""PrintSettings""]","[0.013182674199623353, 0.009996155324875048, 0.007532956685499058, 0.006277463904582548]","[0.20213433772755807, 0.06151480199923107, 0.0834902699309479, 0.09792843691148775]"
org.mockitousage.annotation.SpyAnnotationTest.should_report_when_encosing_instance_is_needed,0.01529051987767584,0.012265062171128794,0.007341576506955177,0.03679518651338638,0.011020636302597028,0.011671406623342208,0.003511723961596836,0.7836391437308868,0.3184139951676936,0.04327666151468315,0.9552419855030807,0.09323753573930789,0.16326573449596224,0.33079115697705763,"[""SpyAnnotationTest$3WithSpy"", ""MockitoException"", ""MockitoAnnotations"", ""Object"", ""SpyAnnotationTest""]","[0.01529051987767584, 0.014163090128755365, 0.007341576506955177]","[0.7836391437308868, 0.12832618025751072, 0.04327666151468315]"
org.mockitousage.annotation.SpyAnnotationTest.should_prevent_spying_on_interfaces,0.01529051987767584,0.012265062171128794,0.007341576506955177,0.03679518651338638,0.011020636302597028,0.011671406623342208,0.003511723961596836,0.7836391437308868,0.3184139951676936,0.04327666151468315,0.9552419855030807,0.09323753573930789,0.16326573449596224,0.33079115697705763,"[""Object"", ""MockitoException"", ""SpyAnnotationTest"", ""SpyAnnotationTest$1WithSpy"", ""MockitoAnnotations""]","[0.01529051987767584, 0.014163090128755365, 0.007341576506955177]","[0.7836391437308868, 0.12832618025751072, 0.04327666151468315]"
org.mockitousage.annotation.SpyAnnotationTest.should_report_when_no_arg_less_constructor,0.01529051987767584,0.012265062171128794,0.007341576506955177,0.03679518651338638,0.011020636302597028,0.011671406623342208,0.003511723961596836,0.7836391437308868,0.3184139951676936,0.04327666151468315,0.9552419855030807,0.09323753573930789,0.16326573449596224,0.33079115697705763,"[""SpyAnnotationTest$1FailingSpy"", ""Object"", ""MockitoException"", ""SpyAnnotationTest"", ""MockitoAnnotations""]","[0.01529051987767584, 0.014163090128755365, 0.007341576506955177]","[0.7836391437308868, 0.12832618025751072, 0.04327666151468315]"
org.mockitousage.annotation.SpyAnnotationTest.should_report_when_constructor_is_explosive,0.01529051987767584,0.012265062171128794,0.007341576506955177,0.03679518651338638,0.011020636302597028,0.011671406623342208,0.003511723961596836,0.7836391437308868,0.3184139951676936,0.04327666151468315,0.9552419855030807,0.09323753573930789,0.16326573449596224,0.33079115697705763,"[""Object"", ""MockitoException"", ""SpyAnnotationTest$2FailingSpy"", ""SpyAnnotationTest"", ""MockitoAnnotations""]","[0.01529051987767584, 0.014163090128755365, 0.007341576506955177]","[0.7836391437308868, 0.12832618025751072, 0.04327666151468315]"
org.mockito.internal.configuration.plugins.PluginFileReaderTest.reads_class_name,0.02242152466367713,0.017937219730941704,0.013452914798206279,0.03587443946188341,0.016816143497757848,0.017367638323800078,0.004484304932735425,0.43946188340807174,0.4304932735426009,0.42152466367713004,0.8609865470852018,0.430306427503737,0.43039984038392204,0.00896860986547085,"[""String"", ""PluginFileReader"", ""ByteArrayInputStream"", ""PluginFileReaderTest""]","[0.02242152466367713, 0.013452914798206279]","[0.43946188340807174, 0.42152466367713004]"
org.mockito.internal.configuration.plugins.PluginFileReaderTest.no_class_in_resource,0.02242152466367713,0.017937219730941704,0.013452914798206279,0.03587443946188341,0.016816143497757848,0.017367638323800078,0.004484304932735425,0.43946188340807174,0.4304932735426009,0.42152466367713004,0.8609865470852018,0.430306427503737,0.43039984038392204,0.00896860986547085,"[""String"", ""PluginFileReader"", ""ByteArrayInputStream"", ""PluginFileReaderTest""]","[0.02242152466367713, 0.013452914798206279]","[0.43946188340807174, 0.42152466367713004]"
org.mockito.internal.stubbing.InvocationContainerImplStubbingTest.should_finish_stubbing_on_adding_return_value,0.014450867052023121,0.008937157366660852,0.0012091898428053204,0.03574862946664341,0.003569866616801863,0.006289728074524819,0.005367005885704805,0.27528901734104044,0.10029955984316821,0.0,0.40119823937267285,0.08129050942658844,0.10137291516764861,0.10068992558759521,"[""Returns"", ""MockingProgress"", ""InvocationContainerImpl"", ""InvocationContainerImplStubbingTest""]","[0.014450867052023121, 0.013409183258837871, 0.006679389312977099, 0.0012091898428053204]","[0.27528901734104044, 0.04957334416903698, 0.07633587786259542, 0.0]"
org.mockito.internal.util.io.IOUtilTest.writes_reads_files,0.026022304832713755,0.017662315207054552,0.009302325581395349,0.035324630414109104,0.013705335291238373,0.015558533090629757,0.008359989625659203,0.275092936802974,0.14684879398288234,0.018604651162790697,0.2936975879657647,0.0348522312492641,0.07154025528726438,0.12824414282009164,"[""Arrays"", ""TemporaryFolder"", ""IOUtil"", ""FileInputStream"", ""IOUtilTest""]","[0.026022304832713755, 0.009302325581395349]","[0.275092936802974, 0.018604651162790697]"
org.mockito.internal.util.io.IOUtilTest.closes_streams,0.026022304832713755,0.017662315207054552,0.009302325581395349,0.035324630414109104,0.013705335291238373,0.015558533090629757,0.008359989625659203,0.275092936802974,0.14684879398288234,0.018604651162790697,0.2936975879657647,0.0348522312492641,0.07154025528726438,0.12824414282009164,"[""IOUtilTest"", ""IOUtil"", ""ByteArrayOutputStream""]","[0.026022304832713755, 0.009302325581395349]","[0.275092936802974, 0.018604651162790697]"
org.mockito.internal.stubbing.defaultanswers.ReturnsSmartNullsTest.should_print_the_parameters_on_SmartNullPointerException_message,0.015527950310559006,0.008701662256907107,0.003713527851458886,0.03480664902762843,0.006767824572037357,0.007684829866880449,0.004281926142982012,0.23664596273291927,0.13801832839290937,0.022281167108753316,0.5520733135716375,0.061351145331148806,0.09899865185964679,0.08631619257909426,"[""ReturnsSmartNulls"", ""Answer"", ""ReturnsSmartNullsTest"", ""SmartNullPointerException"", ""ReturnsSmartNullsTest$Foo""]","[0.015527950310559006, 0.008074534161490683, 0.00749063670411985, 0.003713527851458886]","[0.23664596273291927, 0.20372670807453416, 0.08941947565543071, 0.022281167108753316]"
org.mockitousage.configuration.ClassCacheVersusClassReloadingTest.should_throw_ClassCastException_on_second_call,0.011472275334608031,0.008589397629940269,0.006369426751592357,0.034357590519761075,0.00817365430461202,0.008375836382273924,0.0019454072099559534,0.15009560229445507,0.057006070685528286,0.009174311926605505,0.22802428274211314,0.022469440589643917,0.03510256804487645,0.055081921792923476,"[""Plugins"", ""Constructor"", ""ClassCacheVersusClassReloadingTest"", ""MockitoException"", ""Throwable"", ""SimplePerRealmReloadingClassLoader$ReloadClassPredicate"", ""Map"", ""RuntimeException"", ""HashMap"", ""SimplePerRealmReloadingClassLoader"", ""Callable"", ""Thread"", ""Assume"", ""URLClassLoader"", ""IllegalArgumentException"", ""URL"", ""StringBuilder"", ""Object"", ""String"", ""StackTraceElement"", ""ClassCacheVersusClassReloadingTest$1"", ""ClassCacheVersusClassReloadingTest$2"", ""Class"", ""ClassLoader""]","[0.011472275334608031, 0.009174311926605505, 0.007341576506955177, 0.006369426751592357]","[0.15009560229445507, 0.009174311926605505, 0.04327666151468315, 0.025477707006369428]"
org.mockito.internal.stubbing.answers.AnswersValidatorTest.should_pass_proper_checked_exception,0.012470023980815348,0.01101607263807275,0.008587786259541985,0.03304821791421825,0.010712879567089788,0.010869114277565185,0.0017281857544050232,0.4235011990407674,0.251340378079216,0.07872137404580153,0.7540211342376479,0.1575983915006754,0.20323578755316085,0.14075614700534472,"[""AnswersValidator"", ""ThrowsException"", ""AnswersValidatorTest"", ""CharacterCodingException""]","[0.012470023980815348, 0.011990407673860911, 0.008587786259541985]","[0.2517985611510791, 0.4235011990407674, 0.07872137404580153]"
org.mockito.internal.stubbing.answers.AnswersValidatorTest.should_pass_RuntimeExceptions,0.012470023980815348,0.01101607263807275,0.008587786259541985,0.03304821791421825,0.010712879567089788,0.010869114277565185,0.0017281857544050232,0.4235011990407674,0.251340378079216,0.07872137404580153,0.7540211342376479,0.1575983915006754,0.20323578755316085,0.14075614700534472,"[""ThrowsException"", ""RuntimeException"", ""AnswersValidator"", ""AnswersValidatorTest"", ""Error""]","[0.012470023980815348, 0.011990407673860911, 0.008587786259541985]","[0.2517985611510791, 0.4235011990407674, 0.07872137404580153]"
org.mockitousage.stubbing.SmartNullsStubbingTest.shouldSmartNPEPointToUnstubbedCall,0.02134959969500572,0.01100689574272074,0.003713527851458886,0.03302068722816222,0.0067905309817976045,0.00857667148484311,0.007515831971133929,0.5200152497140679,0.20994319110716497,0.022281167108753316,0.6298295733214949,0.051521414194829515,0.10047134166792349,0.22086642520820518,"[""SmartNullPointerException"", ""SmartNullsStubbingTest"", ""IMethods""]","[0.02134959969500572, 0.007957559681697613, 0.003713527851458886]","[0.5200152497140679, 0.08753315649867374, 0.022281167108753316]"
org.mockitousage.verification.BasicVerificationInOrderTest.shouldFailWhenLastMethodVerifiedFirst,0.02134959969500572,0.010964331436029413,0.0055579307396323215,0.03289299430808824,0.007617426607280501,0.008922096035749843,0.007345567541191247,0.5200152497140679,0.2254974588971362,0.040188114578879865,0.6764923766914086,0.08473316294523796,0.13444690153398695,0.21056017903519653,"[""BasicVerificationInOrderTest"", ""InOrder"", ""IMethods""]","[0.02134959969500572, 0.005985463873450192, 0.0055579307396323215]","[0.5200152497140679, 0.11628901239846089, 0.040188114578879865]"
org.mockitousage.verification.BasicVerificationInOrderTest.shouldFailOnFirstMethodBecauseDifferentArgsWanted,0.02134959969500572,0.010964331436029413,0.0055579307396323215,0.03289299430808824,0.007617426607280501,0.008922096035749843,0.007345567541191247,0.5200152497140679,0.2254974588971362,0.040188114578879865,0.6764923766914086,0.08473316294523796,0.13444690153398695,0.21056017903519653,"[""BasicVerificationInOrderTest"", ""InOrder"", ""IMethods""]","[0.02134959969500572, 0.005985463873450192, 0.0055579307396323215]","[0.5200152497140679, 0.11628901239846089, 0.040188114578879865]"
org.mockitousage.verification.BasicVerificationInOrderTest.shouldFailWhenFirstMockCalledTwice,0.02134959969500572,0.010964331436029413,0.0055579307396323215,0.03289299430808824,0.007617426607280501,0.008922096035749843,0.007345567541191247,0.5200152497140679,0.2254974588971362,0.040188114578879865,0.6764923766914086,0.08473316294523796,0.13444690153398695,0.21056017903519653,"[""BasicVerificationInOrderTest"", ""InOrder"", ""IMethods""]","[0.02134959969500572, 0.005985463873450192, 0.0055579307396323215]","[0.5200152497140679, 0.11628901239846089, 0.040188114578879865]"
org.mockitousage.verification.BasicVerificationInOrderTest.shouldFailOnFirstMethodBecauseDifferentMethodWanted,0.02134959969500572,0.010964331436029413,0.0055579307396323215,0.03289299430808824,0.007617426607280501,0.008922096035749843,0.007345567541191247,0.5200152497140679,0.2254974588971362,0.040188114578879865,0.6764923766914086,0.08473316294523796,0.13444690153398695,0.21056017903519653,"[""BasicVerificationInOrderTest"", ""InOrder"", ""IMethods""]","[0.02134959969500572, 0.005985463873450192, 0.0055579307396323215]","[0.5200152497140679, 0.11628901239846089, 0.040188114578879865]"
org.mockitousage.annotation.AnnotationsTest.shouldScreamWhenInitializingMocksForNullClass,0.014163090128755365,0.0106016986067533,0.007341576506955177,0.0318050958202599,0.009871670902318478,0.01023138018589657,0.0027930072767141994,0.15665236051502146,0.1094184007624051,0.04327666151468315,0.3282552022872153,0.08046487963784335,0.09546305323323026,0.04817772912200879,"[""AnnotationsTest"", ""MockitoAnnotations"", ""MockitoException""]","[0.014163090128755365, 0.010300429184549357, 0.007341576506955177]","[0.12832618025751072, 0.15665236051502146, 0.04327666151468315]"
org.mockito.internal.util.reflection.GenericMetadataSupportTest.paramType_with_wildcard_return_type_of____returning_wildcard_with_typeVar_upper_bound____resolved_to_List_and_type_argument_to_Integer,0.01762632197414806,0.015863689776733254,0.01410105757931845,0.03172737955346651,0.015667841754798274,0.015765461650997337,0.001762632197414806,2.0975323149236194,1.4106933019976498,0.7238542890716804,2.8213866039952995,1.0762848029928775,1.232196316592414,0.6868390129259695,"[""TypeVariable"", ""StringBuilder"", ""String"", ""IllegalStateException"", ""Map"", ""GenericMetadataSupport"", ""Method"", ""Class"", ""Set"", ""Map$Entry"", ""GenericMetadataSupport$BoundedType"", ""Iterator"", ""GenericMetadataSupportTest""]","[0.01762632197414806, 0.01410105757931845]","[2.0975323149236194, 0.7238542890716804]"
org.mockito.internal.util.reflection.GenericMetadataSupportTest.typeVariable_return_type_of____get____resolved_to_Set_and_type_argument_to_Number,0.01762632197414806,0.015863689776733254,0.01410105757931845,0.03172737955346651,0.015667841754798274,0.015765461650997337,0.001762632197414806,2.0975323149236194,1.4106933019976498,0.7238542890716804,2.8213866039952995,1.0762848029928775,1.232196316592414,0.6868390129259695,"[""StringBuilder"", ""String"", ""IllegalStateException"", ""Map"", ""GenericMetadataSupport"", ""Class"", ""Method"", ""GenericMetadataSupportTest""]","[0.01762632197414806, 0.01410105757931845]","[2.0975323149236194, 0.7238542890716804]"
org.mockito.internal.util.reflection.GenericMetadataSupportTest.paramType_return_type_of____values____resolved_to_Collection_and_type_argument_to_Parameterized_Set,0.01762632197414806,0.015863689776733254,0.01410105757931845,0.03172737955346651,0.015667841754798274,0.015765461650997337,0.001762632197414806,2.0975323149236194,1.4106933019976498,0.7238542890716804,2.8213866039952995,1.0762848029928775,1.232196316592414,0.6868390129259695,"[""TypeVariable"", ""StringBuilder"", ""String"", ""IllegalStateException"", ""Map"", ""GenericMetadataSupport"", ""Class"", ""Set"", ""Map$Entry"", ""Method"", ""Iterator"", ""GenericMetadataSupportTest""]","[0.01762632197414806, 0.01410105757931845]","[2.0975323149236194, 0.7238542890716804]"
org.mockito.internal.util.reflection.GenericMetadataSupportTest.paramType_with_type_parameters_return_type_of____paramType_with_type_params____resolved_to_Collection_and_type_argument_to_Parameterized_Set,0.01762632197414806,0.015863689776733254,0.01410105757931845,0.03172737955346651,0.015667841754798274,0.015765461650997337,0.001762632197414806,2.0975323149236194,1.4106933019976498,0.7238542890716804,2.8213866039952995,1.0762848029928775,1.232196316592414,0.6868390129259695,"[""TypeVariable"", ""StringBuilder"", ""String"", ""IllegalStateException"", ""GenericMetadataSupportTest"", ""Map"", ""GenericMetadataSupport"", ""Class"", ""Set"", ""Map$Entry"", ""Method"", ""Iterator"", ""GenericMetadataSupport$TypeVarBoundedType""]","[0.01762632197414806, 0.01410105757931845]","[2.0975323149236194, 0.7238542890716804]"
org.mockito.internal.util.reflection.GenericMetadataSupportTest.typeVariable_return_type_of____iterator____resolved_to_Iterator_and_type_argument_to_String,0.01762632197414806,0.015863689776733254,0.01410105757931845,0.03172737955346651,0.015667841754798274,0.015765461650997337,0.001762632197414806,2.0975323149236194,1.4106933019976498,0.7238542890716804,2.8213866039952995,1.0762848029928775,1.232196316592414,0.6868390129259695,"[""StringBuilder"", ""String"", ""IllegalStateException"", ""Map"", ""GenericMetadataSupport"", ""Class"", ""Method"", ""GenericMetadataSupportTest""]","[0.01762632197414806, 0.01410105757931845]","[2.0975323149236194, 0.7238542890716804]"
org.mockito.internal.util.reflection.GenericMetadataSupportTest.class_return_type_of____append____resolved_to_StringBuilder_and_type_arguments,0.01762632197414806,0.015863689776733254,0.01410105757931845,0.03172737955346651,0.015667841754798274,0.015765461650997337,0.001762632197414806,2.0975323149236194,1.4106933019976498,0.7238542890716804,2.8213866039952995,1.0762848029928775,1.232196316592414,0.6868390129259695,"[""StringBuilder"", ""String"", ""IllegalStateException"", ""GenericMetadataSupport"", ""Class"", ""Method"", ""GenericMetadataSupportTest""]","[0.01762632197414806, 0.01410105757931845]","[2.0975323149236194, 0.7238542890716804]"
org.mockito.internal.util.reflection.GenericMetadataSupportTest.typeVariable_with_type_parameters_return_type_of____typeVar_with_type_params____resolved_K_hence_to_Comparable_and_with_BoundedType,0.01762632197414806,0.015863689776733254,0.01410105757931845,0.03172737955346651,0.015667841754798274,0.015765461650997337,0.001762632197414806,2.0975323149236194,1.4106933019976498,0.7238542890716804,2.8213866039952995,1.0762848029928775,1.232196316592414,0.6868390129259695,"[""StringBuilder"", ""String"", ""IllegalStateException"", ""GenericMetadataSupport"", ""Class"", ""Method"", ""List"", ""GenericMetadataSupportTest""]","[0.01762632197414806, 0.01410105757931845]","[2.0975323149236194, 0.7238542890716804]"
org.mockito.internal.util.reflection.GenericMetadataSupportTest.paramType_with_wildcard_return_type_of____returning_wildcard_with_typeVar_lower_bound____resolved_to_List_and_type_argument_to_Integer,0.01762632197414806,0.015863689776733254,0.01410105757931845,0.03172737955346651,0.015667841754798274,0.015765461650997337,0.001762632197414806,2.0975323149236194,1.4106933019976498,0.7238542890716804,2.8213866039952995,1.0762848029928775,1.232196316592414,0.6868390129259695,"[""TypeVariable"", ""StringBuilder"", ""String"", ""IllegalStateException"", ""Map"", ""GenericMetadataSupport"", ""Method"", ""Class"", ""Set"", ""Map$Entry"", ""GenericMetadataSupport$BoundedType"", ""Iterator"", ""GenericMetadataSupportTest""]","[0.01762632197414806, 0.01410105757931845]","[2.0975323149236194, 0.7238542890716804]"
org.mockito.internal.util.reflection.GenericMetadataSupportTest.paramType_with_wildcard_return_type_of____returning_wildcard_with_class_lower_bound____resolved_to_List_and_type_argument_to_Integer,0.01762632197414806,0.015863689776733254,0.01410105757931845,0.03172737955346651,0.015667841754798274,0.015765461650997337,0.001762632197414806,2.0975323149236194,1.4106933019976498,0.7238542890716804,2.8213866039952995,1.0762848029928775,1.232196316592414,0.6868390129259695,"[""TypeVariable"", ""StringBuilder"", ""String"", ""IllegalStateException"", ""Map"", ""GenericMetadataSupport"", ""Method"", ""Class"", ""Set"", ""Map$Entry"", ""GenericMetadataSupport$BoundedType"", ""Iterator"", ""GenericMetadataSupportTest""]","[0.01762632197414806, 0.01410105757931845]","[2.0975323149236194, 0.7238542890716804]"
org.mockito.internal.util.reflection.GenericMetadataSupportTest.fixed_ParamType_return_type_of____remove____resolved_to_Set_and_type_argument_to_Number,0.01762632197414806,0.015863689776733254,0.01410105757931845,0.03172737955346651,0.015667841754798274,0.015765461650997337,0.001762632197414806,2.0975323149236194,1.4106933019976498,0.7238542890716804,2.8213866039952995,1.0762848029928775,1.232196316592414,0.6868390129259695,"[""StringBuilder"", ""String"", ""IllegalStateException"", ""Map"", ""GenericMetadataSupport"", ""Class"", ""Method"", ""GenericMetadataSupportTest""]","[0.01762632197414806, 0.01410105757931845]","[2.0975323149236194, 0.7238542890716804]"
org.mockito.internal.util.reflection.GenericMetadataSupportTest.can_get_raw_type_from_Class,0.01762632197414806,0.015863689776733254,0.01410105757931845,0.03172737955346651,0.015667841754798274,0.015765461650997337,0.001762632197414806,2.0975323149236194,1.4106933019976498,0.7238542890716804,2.8213866039952995,1.0762848029928775,1.232196316592414,0.6868390129259695,"[""GenericMetadataSupport"", ""GenericMetadataSupportTest""]","[0.01762632197414806, 0.01410105757931845]","[2.0975323149236194, 0.7238542890716804]"
org.mockito.internal.util.reflection.GenericMetadataSupportTest.bounded_typeVariable_return_type_of____returningK____resolved_to_Comparable_and_with_BoundedType,0.01762632197414806,0.015863689776733254,0.01410105757931845,0.03172737955346651,0.015667841754798274,0.015765461650997337,0.001762632197414806,2.0975323149236194,1.4106933019976498,0.7238542890716804,2.8213866039952995,1.0762848029928775,1.232196316592414,0.6868390129259695,"[""StringBuilder"", ""String"", ""IllegalStateException"", ""GenericMetadataSupport"", ""Class"", ""Method"", ""List"", ""GenericMetadataSupportTest""]","[0.01762632197414806, 0.01410105757931845]","[2.0975323149236194, 0.7238542890716804]"
org.mockito.internal.util.reflection.GenericMetadataSupportTest.can_get_raw_type_from_ParameterizedType,0.01762632197414806,0.015863689776733254,0.01410105757931845,0.03172737955346651,0.015667841754798274,0.015765461650997337,0.001762632197414806,2.0975323149236194,1.4106933019976498,0.7238542890716804,2.8213866039952995,1.0762848029928775,1.232196316592414,0.6868390129259695,"[""GenericMetadataSupport"", ""Class"", ""GenericMetadataSupportTest""]","[0.01762632197414806, 0.01410105757931845]","[2.0975323149236194, 0.7238542890716804]"
org.mockito.internal.util.reflection.GenericMetadataSupportTest.can_get_type_variables_from_ParameterizedType,0.01762632197414806,0.015863689776733254,0.01410105757931845,0.03172737955346651,0.015667841754798274,0.015765461650997337,0.001762632197414806,2.0975323149236194,1.4106933019976498,0.7238542890716804,2.8213866039952995,1.0762848029928775,1.232196316592414,0.6868390129259695,"[""GenericMetadataSupport"", ""Class"", ""Map"", ""GenericMetadataSupportTest""]","[0.01762632197414806, 0.01410105757931845]","[2.0975323149236194, 0.7238542890716804]"
org.mockito.internal.util.reflection.GenericMetadataSupportTest.can_get_type_variables_from_Class,0.01762632197414806,0.015863689776733254,0.01410105757931845,0.03172737955346651,0.015667841754798274,0.015765461650997337,0.001762632197414806,2.0975323149236194,1.4106933019976498,0.7238542890716804,2.8213866039952995,1.0762848029928775,1.232196316592414,0.6868390129259695,"[""GenericMetadataSupport"", ""Map"", ""GenericMetadataSupportTest""]","[0.01762632197414806, 0.01410105757931845]","[2.0975323149236194, 0.7238542890716804]"
org.mockito.internal.util.reflection.GenericMetadataSupportTest.typeVariable_of_self_type,0.01762632197414806,0.015863689776733254,0.01410105757931845,0.03172737955346651,0.015667841754798274,0.015765461650997337,0.001762632197414806,2.0975323149236194,1.4106933019976498,0.7238542890716804,2.8213866039952995,1.0762848029928775,1.232196316592414,0.6868390129259695,"[""StringBuilder"", ""String"", ""IllegalStateException"", ""GenericMetadataSupport"", ""Class"", ""Method"", ""GenericMetadataSupportTest""]","[0.01762632197414806, 0.01410105757931845]","[2.0975323149236194, 0.7238542890716804]"
org.mockitousage.annotation.AnnotationsTest.shouldInitMocksWithGivenSettings,0.02134959969500572,0.01582501443977754,0.010300429184549357,0.03165002887955508,0.013896356342280492,0.014829364105614336,0.005524585255228182,0.5200152497140679,0.3383338051145447,0.15665236051502146,0.6766676102290894,0.24077291461885644,0.2854148145620985,0.18168144459952323,"[""AnnotationsTest"", ""IMethods""]","[0.02134959969500572, 0.010300429184549357]","[0.5200152497140679, 0.15665236051502146]"
org.mockitousage.verification.RelaxedVerificationInOrderTest.shouldVerifyLastInvocation,0.02134959969500572,0.01053679830221154,0.00470286447199658,0.03161039490663462,0.006827511826083744,0.008232943027720131,0.0076537698794132795,0.5200152497140679,0.21438159741787155,0.040188114578879865,0.6431447922536146,0.07719484179473596,0.12012361864157839,0.21681929267359104,"[""RelaxedVerificationInOrderTest"", ""InOrder"", ""IMethods""]","[0.02134959969500572, 0.0055579307396323215, 0.00470286447199658]","[0.5200152497140679, 0.040188114578879865, 0.08294142796066695]"
org.mockitousage.verification.RelaxedVerificationInOrderTest.shouldFailOnWrongMethodAfterLastInvocation,0.02134959969500572,0.01053679830221154,0.00470286447199658,0.03161039490663462,0.006827511826083744,0.008232943027720131,0.0076537698794132795,0.5200152497140679,0.21438159741787155,0.040188114578879865,0.6431447922536146,0.07719484179473596,0.12012361864157839,0.21681929267359104,"[""RelaxedVerificationInOrderTest"", ""InOrder"", ""IMethods""]","[0.02134959969500572, 0.0055579307396323215, 0.00470286447199658]","[0.5200152497140679, 0.040188114578879865, 0.08294142796066695]"
org.mockitousage.verification.RelaxedVerificationInOrderTest.shouldFailOnLastAndFirstInWrongOrder,0.02134959969500572,0.01053679830221154,0.00470286447199658,0.03161039490663462,0.006827511826083744,0.008232943027720131,0.0076537698794132795,0.5200152497140679,0.21438159741787155,0.040188114578879865,0.6431447922536146,0.07719484179473596,0.12012361864157839,0.21681929267359104,"[""RelaxedVerificationInOrderTest"", ""InOrder"", ""IMethods""]","[0.02134959969500572, 0.0055579307396323215, 0.00470286447199658]","[0.5200152497140679, 0.040188114578879865, 0.08294142796066695]"
org.mockito.internal.stubbing.defaultanswers.ReturnsSmartNullsTest.should_return_an_object_that_allows_object_methods,0.015527950310559006,0.010364373725389847,0.00749063670411985,0.031093121176169542,0.009324120783226145,0.009793023148273062,0.0036589731185458245,0.23664596273291927,0.17659738215429474,0.08941947565543071,0.5297921464628842,0.1476559293170696,0.1627520229517129,0.06309204845810291,"[""ReturnsSmartNullsTest"", ""ReturnsSmartNulls"", ""StringBuilder"", ""Answer""]","[0.015527950310559006, 0.008074534161490683, 0.00749063670411985]","[0.23664596273291927, 0.20372670807453416, 0.08941947565543071]"
org.mockito.internal.stubbing.defaultanswers.ReturnsSmartNullsTest.should_print_the_parameters_when_calling_a_method_with_args,0.015527950310559006,0.010364373725389847,0.00749063670411985,0.031093121176169542,0.009324120783226145,0.009793023148273062,0.0036589731185458245,0.23664596273291927,0.17659738215429474,0.08941947565543071,0.5297921464628842,0.1476559293170696,0.1627520229517129,0.06309204845810291,"[""ReturnsSmartNullsTest"", ""ReturnsSmartNulls"", ""StringBuilder"", ""Answer""]","[0.015527950310559006, 0.008074534161490683, 0.00749063670411985]","[0.23664596273291927, 0.20372670807453416, 0.08941947565543071]"
org.mockito.internal.stubbing.defaultanswers.ReturnsSmartNullsTest.should_return_the_usual_default_values_for_primitives,0.015527950310559006,0.010364373725389847,0.00749063670411985,0.031093121176169542,0.009324120783226145,0.009793023148273062,0.0036589731185458245,0.23664596273291927,0.17659738215429474,0.08941947565543071,0.5297921464628842,0.1476559293170696,0.1627520229517129,0.06309204845810291,"[""Double"", ""Integer"", ""ReturnsSmartNulls"", ""Answer"", ""Character"", ""Short"", ""ReturnsSmartNullsTest"", ""Float"", ""Boolean"", ""Byte"", ""Long""]","[0.015527950310559006, 0.008074534161490683, 0.00749063670411985]","[0.23664596273291927, 0.20372670807453416, 0.08941947565543071]"
org.mockitousage.stubbing.ReturningDefaultValuesTest.shouldReturnAllKindsOfPrimitives,0.02134959969500572,0.015258451489978033,0.009167303284950344,0.030516902979956066,0.012826875357892729,0.013989934074769644,0.006091148205027688,0.5200152497140679,0.306417097737095,0.09281894576012223,0.61283419547419,0.1575214556044769,0.21969812756973256,0.21359815197697282,"[""ReturningDefaultValuesTest"", ""IMethods""]","[0.02134959969500572, 0.009167303284950344]","[0.5200152497140679, 0.09281894576012223]"
org.mockitousage.stubbing.ReturningDefaultValuesTest.shouldReturnTheSameValuesForWrapperClasses,0.02134959969500572,0.015258451489978033,0.009167303284950344,0.030516902979956066,0.012826875357892729,0.013989934074769644,0.006091148205027688,0.5200152497140679,0.306417097737095,0.09281894576012223,0.61283419547419,0.1575214556044769,0.21969812756973256,0.21359815197697282,"[""Double"", ""ReturningDefaultValuesTest"", ""Character"", ""Short"", ""Float"", ""Boolean"", ""Integer"", ""Byte"", ""Long"", ""IMethods""]","[0.02134959969500572, 0.009167303284950344]","[0.5200152497140679, 0.09281894576012223]"
org.mockitousage.customization.BDDMockitoTest.shouldStubByDelegatingToRealMethod,0.01932367149758454,0.015029522275899088,0.010735373054213635,0.030059044551798177,0.013802622498274674,0.01440301434782473,0.004294149221685453,0.8062265163714439,0.6078904991948471,0.4095544820182501,1.2157809983896941,0.543179542597273,0.5746248196013508,0.1983360171765969,"[""BDDMockitoTest$Dog"", ""Object"", ""BDDMockitoTest"", ""BDDMockito$BDDStubber"", ""BDDMockito""]","[0.01932367149758454, 0.010735373054213635]","[0.8062265163714439, 0.4095544820182501]"
org.mockitousage.customization.BDDMockitoTest.shouldValidateMockWhenVerifyingWithExpectedNumberOfInvocations,0.01932367149758454,0.015029522275899088,0.010735373054213635,0.030059044551798177,0.013802622498274674,0.01440301434782473,0.004294149221685453,0.8062265163714439,0.6078904991948471,0.4095544820182501,1.2157809983896941,0.543179542597273,0.5746248196013508,0.1983360171765969,"[""BDDMockito"", ""BDDMockitoTest"", ""BDDMockito$Then""]","[0.01932367149758454, 0.010735373054213635]","[0.8062265163714439, 0.4095544820182501]"
org.mockitousage.customization.BDDMockitoTest.shouldValidateMockWhenVerifying,0.01932367149758454,0.015029522275899088,0.010735373054213635,0.030059044551798177,0.013802622498274674,0.01440301434782473,0.004294149221685453,0.8062265163714439,0.6078904991948471,0.4095544820182501,1.2157809983896941,0.543179542597273,0.5746248196013508,0.1983360171765969,"[""BDDMockito"", ""BDDMockitoTest"", ""BDDMockito$Then""]","[0.01932367149758454, 0.010735373054213635]","[0.8062265163714439, 0.4095544820182501]"
org.mockitousage.customization.BDDMockitoTest.shouldPassFluentBddScenario,0.01932367149758454,0.015029522275899088,0.010735373054213635,0.030059044551798177,0.013802622498274674,0.01440301434782473,0.004294149221685453,0.8062265163714439,0.6078904991948471,0.4095544820182501,1.2157809983896941,0.543179542597273,0.5746248196013508,0.1983360171765969,"[""BDDMockitoTest$Person"", ""Object"", ""BDDMockitoTest$Bike"", ""BDDMockitoTest"", ""BDDMockito"", ""BDDMockito$Then""]","[0.01932367149758454, 0.010735373054213635]","[0.8062265163714439, 0.4095544820182501]"
org.mockitousage.customization.BDDMockitoTest.shouldStubByDelegatingToRealMethodUsingTypicalStubbingSyntax,0.01932367149758454,0.015029522275899088,0.010735373054213635,0.030059044551798177,0.013802622498274674,0.01440301434782473,0.004294149221685453,0.8062265163714439,0.6078904991948471,0.4095544820182501,1.2157809983896941,0.543179542597273,0.5746248196013508,0.1983360171765969,"[""BDDMockitoTest$Dog"", ""Object"", ""BDDMockito$BDDMyOngoingStubbing"", ""BDDMockitoTest"", ""BDDMockito""]","[0.01932367149758454, 0.010735373054213635]","[0.8062265163714439, 0.4095544820182501]"
org.mockitousage.customization.BDDMockitoTest.shouldValidateMockWhenVerifyingNoMoreInteractions,0.01932367149758454,0.015029522275899088,0.010735373054213635,0.030059044551798177,0.013802622498274674,0.01440301434782473,0.004294149221685453,0.8062265163714439,0.6078904991948471,0.4095544820182501,1.2157809983896941,0.543179542597273,0.5746248196013508,0.1983360171765969,"[""BDDMockito"", ""BDDMockitoTest"", ""BDDMockito$Then""]","[0.01932367149758454, 0.010735373054213635]","[0.8062265163714439, 0.4095544820182501]"
org.mockitousage.customization.BDDMockitoTest.shouldAllStubbedMockReferenceAccess,0.01932367149758454,0.015029522275899088,0.010735373054213635,0.030059044551798177,0.013802622498274674,0.01440301434782473,0.004294149221685453,0.8062265163714439,0.6078904991948471,0.4095544820182501,1.2157809983896941,0.543179542597273,0.5746248196013508,0.1983360171765969,"[""BDDMockito"", ""BDDMockitoTest"", ""BDDMockito$BDDMyOngoingStubbing"", ""Set"", ""Boolean""]","[0.01932367149758454, 0.010735373054213635]","[0.8062265163714439, 0.4095544820182501]"
org.mockitousage.stubbing.DeepStubbingTest.shouldStubbingBasicallyWorkFine,0.01932367149758454,0.01498502966514208,0.01064638783269962,0.02997005933028416,0.013728855111546947,0.014343197032564545,0.00433864183244246,0.9604562737642586,0.8833413950678513,0.8062265163714439,1.7666827901357025,0.8766093381875044,0.8799689288401358,0.07711487869640732,"[""Object"", ""BDDMockito"", ""DeepStubbingTest$Address"", ""BDDMockito$BDDMyOngoingStubbing"", ""DeepStubbingTest"", ""DeepStubbingTest$Person"", ""DeepStubbingTest$Street""]","[0.01932367149758454, 0.01064638783269962]","[0.8062265163714439, 0.9604562737642586]"
org.mockitousage.stubbing.DeepStubbingTest.shouldFailGracefullyWhenClassIsFinal,0.01932367149758454,0.01498502966514208,0.01064638783269962,0.02997005933028416,0.013728855111546947,0.014343197032564545,0.00433864183244246,0.9604562737642586,0.8833413950678513,0.8062265163714439,1.7666827901357025,0.8766093381875044,0.8799689288401358,0.07711487869640732,"[""Object"", ""BDDMockito"", ""BDDMockito$BDDMyOngoingStubbing"", ""DeepStubbingTest"", ""DeepStubbingTest$Person"", ""DeepStubbingTest$FinalClass""]","[0.01932367149758454, 0.01064638783269962]","[0.8062265163714439, 0.9604562737642586]"
org.mockitousage.stubbing.SmartNullsStubbingTest.shouldNotThrowSmartNullPointerOnObjectMethods,0.02134959969500572,0.014653579688351667,0.007957559681697613,0.029307159376703334,0.01159380283634105,0.013034213200395375,0.006696020006654054,0.5200152497140679,0.3037742031063708,0.08753315649867374,0.6075484062127416,0.14984345533441967,0.2133508289998387,0.21624104660769708,"[""Object"", ""SmartNullsStubbingTest"", ""IMethods""]","[0.02134959969500572, 0.007957559681697613]","[0.5200152497140679, 0.08753315649867374]"
org.mockito.internal.progress.MockingProgressImplTest.shouldCheckIfVerificationWasFinished,0.013409183258837871,0.00974407182698289,0.007696254489481785,0.02923221548094867,0.009158652845426917,0.00943047082915776,0.002597578221043344,0.05729378301503454,0.04383171385013774,0.024628014366341714,0.13149514155041322,0.03834836235397758,0.04120295570625545,0.013940058569739653,"[""MockingProgressImplTest"", ""MockingProgress"", ""VerificationModeFactory""]","[0.013409183258837871, 0.008126777732629013, 0.007696254489481785]","[0.04957334416903698, 0.05729378301503454, 0.024628014366341714]"
org.mockito.internal.progress.MockingProgressImplTest.shouldStartVerificationAndPullVerificationMode,0.013409183258837871,0.00974407182698289,0.007696254489481785,0.02923221548094867,0.009158652845426917,0.00943047082915776,0.002597578221043344,0.05729378301503454,0.04383171385013774,0.024628014366341714,0.13149514155041322,0.03834836235397758,0.04120295570625545,0.013940058569739653,"[""MockingProgressImplTest"", ""MockingProgress"", ""VerificationModeFactory""]","[0.013409183258837871, 0.008126777732629013, 0.007696254489481785]","[0.04957334416903698, 0.05729378301503454, 0.024628014366341714]"
org.mockito.ArgumentCaptorTest.tell_handy_return_values_to_return_value_for,0.014243323442136498,0.009610712351942016,0.005991285403050109,0.02883213705582605,0.008488245601813398,0.009019206243356481,0.0034442163625196813,0.4540059347181009,0.27500692283268385,0.1383442265795207,0.8250207684980515,0.21851742417342826,0.2444863954563718,0.13229978889433125,"[""ArgumentCaptorTest"", ""Object"", ""HandyReturnValues"", ""ArgumentCaptor"", ""ArgumentCaptorTest$1""]","[0.014243323442136498, 0.008597528210639442, 0.005991285403050109]","[0.4540059347181009, 0.23267060720042987, 0.1383442265795207]"
org.mockito.internal.util.TimerTest.should_throw_friendly_reminder_exception_when_duration_is_negative,0.014354066985645933,0.014354066985645933,0.014354066985645933,0.028708133971291867,0.014354066985645932,0.014354066985645939,0.0,0.3277511961722488,0.22727272727272727,0.12679425837320574,0.45454545454545453,0.18285066733820196,0.203855266916485,0.10047846889952153,"[""TimerTest"", ""Timer""]","[0.014354066985645933, 0.014354066985645933]","[0.12679425837320574, 0.3277511961722488]"
org.mockitousage.annotation.MockInjectionUsingSetterOrPropertyTest.shouldReportNicely,0.014163090128755365,0.009299120233212494,0.006392694063926941,0.027897360699637483,0.0082588850285677,0.0087272434217077,0.0034610929710360092,0.473972602739726,0.21519181483730665,0.04327666151468315,0.64557544451192,0.09088262041722145,0.1380725732613896,0.18625068644194642,"[""Object"", ""MockInjectionUsingSetterOrPropertyTest$1"", ""MockitoException"", ""MockInjectionUsingSetterOrPropertyTest"", ""MockitoAnnotations""]","[0.014163090128755365, 0.007341576506955177, 0.006392694063926941]","[0.12832618025751072, 0.04327666151468315, 0.473972602739726]"
org.mockito.internal.matchers.LocalizedMatcherTest.shouldMatchTypesWhenActualMatcherHasCorrectType,0.012813667912439935,0.009296396105560021,0.005079365079365079,0.027889188316680063,0.008000957379515498,0.008665067755771695,0.0031960504065893284,0.17565403096636412,0.11440019299911375,0.06151480199923107,0.34320057899734124,0.09560108544836389,0.10463843156569759,0.046971367702655774,"[""Equals"", ""LocalizedMatcher"", ""LocalizedMatcherTest"", ""Integer"", ""Long""]","[0.012813667912439935, 0.009996155324875048, 0.005079365079365079]","[0.17565403096636412, 0.06151480199923107, 0.10603174603174603]"
org.mockito.internal.matchers.LocalizedMatcherTest.shouldDescribeWithTypeInfoWhenActualMatcherHasCorrectType,0.012813667912439935,0.009296396105560021,0.005079365079365079,0.027889188316680063,0.008000957379515498,0.008665067755771695,0.0031960504065893284,0.17565403096636412,0.11440019299911375,0.06151480199923107,0.34320057899734124,0.09560108544836389,0.10463843156569759,0.046971367702655774,"[""LocalizedMatcherTest"", ""Integer"", ""Equals"", ""LocalizedMatcher""]","[0.012813667912439935, 0.009996155324875048, 0.005079365079365079]","[0.17565403096636412, 0.06151480199923107, 0.10603174603174603]"
org.mockitousage.basicapi.MocksSerializationForAnnotationTest.should_be_able_to_serialize_type_that_implements_Serializable_but_but_dont_declare_a_no_arg_constructor,0.014163090128755365,0.009262710010703668,0.0025412960609911056,0.027788130032111003,0.005411955501699209,0.0073615045940688155,0.004916207718721157,1.185960591133005,0.4397897878374992,0.005082592121982211,1.3193693635124977,0.014606654446107412,0.09179596563890295,0.5300159722575192,"[""Object"", ""ByteArrayOutputStream"", ""SimpleSerializationUtil"", ""ObjectInputStream"", ""MocksSerializationForAnnotationTest$TestClassThatHoldValidField"", ""Class"", ""MocksSerializationForAnnotationTest"", ""ObjectOutputStream"", ""ByteArrayInputStream"", ""MockitoAnnotations""]","[0.014163090128755365, 0.011083743842364532, 0.0025412960609911056]","[0.12832618025751072, 1.185960591133005, 0.005082592121982211]"
org.mockitousage.annotation.WrongSetOfAnnotationsTest.should_not_allow_Spy_and_or_InjectMocks_on_interfaces,0.014163090128755365,0.009227424271105573,0.006177606177606178,0.02768227281331672,0.008136882170397602,0.008628246066488397,0.003522244059845806,0.2,0.12386761392406463,0.04327666151468315,0.3716028417721939,0.08356596008025206,0.10356181930170781,0.06405966134163842,"[""WrongSetOfAnnotationsTest$2"", ""WrongSetOfAnnotationsTest"", ""Object"", ""MockitoException"", ""WrongSetOfAnnotationsTest$3"", ""MockitoAnnotations""]","[0.014163090128755365, 0.007341576506955177, 0.006177606177606178]","[0.12832618025751072, 0.04327666151468315, 0.2]"
org.mockitousage.debugging.PrintingInvocationsWhenEverythingOkTest.shouldPrintInvocationsWhenStubbingNotUsed,0.01932367149758454,0.00910208498395537,0.00362844702467344,0.02730625495186611,0.005385835253283864,0.006733447657547687,0.007233822383766088,0.8062265163714439,0.3043009529656144,0.018867924528301886,0.9129028588968431,0.045711655539025134,0.110130037466576,0.35602916669857715,"[""PrintingInvocationsWhenEverythingOkTest"", ""BDDMockito$BDDMyOngoingStubbing"", ""BDDMockito"", ""Foo""]","[0.01932367149758454, 0.0043541364296081275, 0.00362844702467344]","[0.8062265163714439, 0.08780841799709724, 0.018867924528301886]"
org.mockitousage.debugging.PrintingInvocationsWhenStubNotUsedTest.shouldPrintInvocationsWhenStubbingNotUsed,0.01932367149758454,0.00910208498395537,0.00362844702467344,0.02730625495186611,0.005385835253283864,0.006733447657547687,0.007233822383766088,0.8062265163714439,0.3033333670923681,0.018867924528301886,0.9100001012771043,0.045442066799412394,0.10890285969797499,0.3566196716698688,"[""BDDMockito$BDDMyOngoingStubbing"", ""BDDMockito"", ""Foo"", ""PrintingInvocationsWhenStubNotUsedTest""]","[0.01932367149758454, 0.0043541364296081275, 0.00362844702467344]","[0.8062265163714439, 0.08490566037735849, 0.018867924528301886]"
org.mockito.internal.util.reflection.FieldInitializerTest.should_instantiate_field_with_private_default_constructor,0.01549053356282272,0.008962922793587921,0.0036529680365296802,0.02688876838076376,0.006418256373685149,0.007595963633918664,0.004908767939127743,0.8717728055077453,0.45512617986623605,0.038356164383561646,1.3653785395987081,0.10198838672372845,0.24783502212219063,0.34024093017004753,"[""FieldInitializer"", ""FieldInitializerTest"", ""Object"", ""Class"", ""FieldInitializationReport""]","[0.01549053356282272, 0.00774526678141136, 0.0036529680365296802]","[0.8717728055077453, 0.45524956970740105, 0.038356164383561646]"
org.mockito.internal.util.reflection.FieldInitializerTest.should_instantiate_field_when_type_has_no_constructor,0.01549053356282272,0.008962922793587921,0.0036529680365296802,0.02688876838076376,0.006418256373685149,0.007595963633918664,0.004908767939127743,0.8717728055077453,0.45512617986623605,0.038356164383561646,1.3653785395987081,0.10198838672372845,0.24783502212219063,0.34024093017004753,"[""FieldInitializer"", ""FieldInitializerTest"", ""Object"", ""Class"", ""FieldInitializationReport""]","[0.01549053356282272, 0.00774526678141136, 0.0036529680365296802]","[0.8717728055077453, 0.45524956970740105, 0.038356164383561646]"
org.mockito.internal.util.reflection.FieldInitializerTest.should_instantiate_field_with_default_constructor,0.01549053356282272,0.008962922793587921,0.0036529680365296802,0.02688876838076376,0.006418256373685149,0.007595963633918664,0.004908767939127743,0.8717728055077453,0.45512617986623605,0.038356164383561646,1.3653785395987081,0.10198838672372845,0.24783502212219063,0.34024093017004753,"[""FieldInitializer"", ""FieldInitializerTest"", ""Object"", ""Class"", ""FieldInitializationReport""]","[0.01549053356282272, 0.00774526678141136, 0.0036529680365296802]","[0.8717728055077453, 0.45524956970740105, 0.038356164383561646]"
org.mockito.internal.util.reflection.FieldInitializerTest.should_keep_same_instance_if_field_initialized,0.01549053356282272,0.008962922793587921,0.0036529680365296802,0.02688876838076376,0.006418256373685149,0.007595963633918664,0.004908767939127743,0.8717728055077453,0.45512617986623605,0.038356164383561646,1.3653785395987081,0.10198838672372845,0.24783502212219063,0.34024093017004753,"[""FieldInitializer"", ""FieldInitializerTest"", ""Object"", ""Class"", ""FieldInitializationReport""]","[0.01549053356282272, 0.00774526678141136, 0.0036529680365296802]","[0.8717728055077453, 0.45524956970740105, 0.038356164383561646]"
org.mockito.internal.util.reflection.SuperTypesLastSorterTest.when_same_type_the_order_is_based_on_field_name,0.02666666666666667,0.02666666666666667,0.02666666666666667,0.02666666666666667,0.02666666666666667,0.026666666666666665,0.0,3.973333333333333,3.973333333333333,3.973333333333333,3.973333333333333,3.9733333333333327,3.9733333333333336,0.0,"[""Object"", ""Class"", ""Comparator"", ""SuperTypesLastSorterTest""]",[0.02666666666666667],[3.973333333333333]
org.mockito.internal.util.reflection.SuperTypesLastSorterTest.fields_sort_consistently_when_names_and_type_indicate_different_order,0.02666666666666667,0.02666666666666667,0.02666666666666667,0.02666666666666667,0.02666666666666667,0.026666666666666665,0.0,3.973333333333333,3.973333333333333,3.973333333333333,3.973333333333333,3.9733333333333327,3.9733333333333336,0.0,"[""SuperTypesLastSorterTest"", ""Object"", ""Class""]",[0.02666666666666667],[3.973333333333333]
org.mockito.internal.util.reflection.SuperTypesLastSorterTest.when_type_is_different_the_supertype_comes_last,0.02666666666666667,0.02666666666666667,0.02666666666666667,0.02666666666666667,0.02666666666666667,0.026666666666666665,0.0,3.973333333333333,3.973333333333333,3.973333333333333,3.973333333333333,3.9733333333333327,3.9733333333333336,0.0,"[""Object"", ""Class"", ""Comparator"", ""SuperTypesLastSorterTest""]",[0.02666666666666667],[3.973333333333333]
org.mockito.internal.util.reflection.SuperTypesLastSorterTest.issue_352_order_was_different_between_JDK6_and_JDK7,0.02666666666666667,0.02666666666666667,0.02666666666666667,0.02666666666666667,0.02666666666666667,0.026666666666666665,0.0,3.973333333333333,3.973333333333333,3.973333333333333,3.973333333333333,3.9733333333333327,3.9733333333333336,0.0,"[""Collections"", ""Object"", ""Class"", ""Arrays"", ""SuperTypesLastSorterTest""]",[0.02666666666666667],[3.973333333333333]
org.mockito.internal.util.reflection.SuperTypesLastSorterTest.fields_sort_consistently_when_interfaces_are_included,0.02666666666666667,0.02666666666666667,0.02666666666666667,0.02666666666666667,0.02666666666666667,0.026666666666666665,0.0,3.973333333333333,3.973333333333333,3.973333333333333,3.973333333333333,3.9733333333333327,3.9733333333333336,0.0,"[""SuperTypesLastSorterTest"", ""Object"", ""Class""]",[0.02666666666666667],[3.973333333333333]
org.mockito.runners.RunnersValidateFrameworkUsageTest.shouldValidateWithVerboseRunner,0.013112225221750868,0.008872398136408792,0.004176610978520286,0.026617194409226375,0.007093988391294067,0.007994081045003352,0.0036621692266354667,0.29039722329348244,0.21713662692327462,0.0954653937947494,0.6514098807698239,0.16964135554926058,0.19453306052954825,0.08663062142006561,"[""ExtraMatchers$6"", ""Matcher"", ""Object"", ""Runner"", ""RunNotifier"", ""LinkedList"", ""Collection"", ""CoreMatchers"", ""ConsoleSpammingMockitoJUnitRunner"", ""RunnersValidateFrameworkUsageTest"", ""RunnersValidateFrameworkUsageTest$RunNotifierStub"", ""Iterator"", ""ExtraMatchers"", ""List""]","[0.013112225221750868, 0.009328358208955223, 0.004176610978520286]","[0.29039722329348244, 0.26554726368159204, 0.0954653937947494]"
org.mockito.runners.RunnersValidateFrameworkUsageTest.shouldValidateWithDefaultRunner,0.013112225221750868,0.008767452160230596,0.004176610978520286,0.026302356480691787,0.007031727029801128,0.007903114767801613,0.00365209644047422,0.29039722329348244,0.17285388855369707,0.0954653937947494,0.5185616656610912,0.13983140334279942,0.15437207636191652,0.08449423222266238,"[""ExtraMatchers$6"", ""Matcher"", ""Object"", ""Runner"", ""RunNotifier"", ""LinkedList"", ""Collection"", ""CoreMatchers"", ""RunnersValidateFrameworkUsageTest"", ""RunnersValidateFrameworkUsageTest$RunNotifierStub"", ""Iterator"", ""MockitoJUnitRunner"", ""ExtraMatchers"", ""List""]","[0.013112225221750868, 0.009013520280420632, 0.004176610978520286]","[0.29039722329348244, 0.1326990485728593, 0.0954653937947494]"
org.mockito.internal.debugging.VerboseMockInvocationLoggerTest.should_log_count_of_interactions,0.011278195488721804,0.008767223222375185,0.004694835680751174,0.026301669667125556,0.00752851711026616,0.008177760060866054,0.0029055888487193047,0.36654135338345867,0.2695982915034064,0.11173708920187793,0.8087948745102193,0.20403509125000113,0.23832583838530358,0.11258942560053384,"[""VerboseMockInvocationLoggerTest$ThirdPartyException"", ""Exception"", ""ByteArrayOutputStream"", ""VerboseMockInvocationLogger"", ""NotifiedMethodInvocationReport"", ""VerboseMockInvocationLoggerTest""]","[0.011278195488721804, 0.010328638497652582, 0.004694835680751174]","[0.36654135338345867, 0.3305164319248826, 0.11173708920187793]"
org.mockito.internal.debugging.VerboseMockInvocationLoggerTest.should_print_if_method_has_not_been_stubbed,0.011278195488721804,0.008767223222375185,0.004694835680751174,0.026301669667125556,0.00752851711026616,0.008177760060866054,0.0029055888487193047,0.36654135338345867,0.2695982915034064,0.11173708920187793,0.8087948745102193,0.20403509125000113,0.23832583838530358,0.11258942560053384,"[""ByteArrayOutputStream"", ""VerboseMockInvocationLogger"", ""NotifiedMethodInvocationReport"", ""VerboseMockInvocationLoggerTest""]","[0.011278195488721804, 0.010328638497652582, 0.004694835680751174]","[0.36654135338345867, 0.3305164319248826, 0.11173708920187793]"
org.mockitousage.annotation.CaptorAnnotationTest.shouldScreamWhenMoreThanOneMockitoAnnotaton,0.014163090128755365,0.008693775224870715,0.004576659038901602,0.026081325674612143,0.00705356925228791,0.0078072598718970584,0.004028750533327343,0.13653699466056446,0.10271327881091945,0.04327666151468315,0.30813983643275833,0.07848511722034136,0.09118843992546244,0.04216149882696922,"[""CaptorAnnotationTest"", ""Object"", ""MockitoException"", ""CaptorAnnotationTest$ToManyAnnotations"", ""MockitoAnnotations""]","[0.014163090128755365, 0.007341576506955177, 0.004576659038901602]","[0.12832618025751072, 0.04327666151468315, 0.13653699466056446]"
org.mockito.internal.verification.argumentmatching.ArgumentMatchingToolTest.shouldNotFindAnySuspiciousMatchersWhenNumberOfArgumentsDoesntMatch,0.009996155324875048,0.008591268548370707,0.007575757575757576,0.02577380564511212,0.008475497120504183,0.00853213496665875,0.0010257652276796988,0.16792929292929293,0.11286411997091704,0.06151480199923107,0.3385923599127511,0.09562366525019199,0.10408168363641862,0.04352291851188012,"[""ArgumentMatchingToolTest"", ""Arrays"", ""Equals"", ""ArgumentMatchingTool"", ""Integer""]","[0.009996155324875048, 0.008201892744479496, 0.007575757575757576]","[0.06151480199923107, 0.10914826498422713, 0.16792929292929293]"
org.mockito.internal.verification.argumentmatching.ArgumentMatchingToolTest.shouldWorkFineWhenGivenArgIsNull,0.009996155324875048,0.008591268548370707,0.007575757575757576,0.02577380564511212,0.008475497120504183,0.00853213496665875,0.0010257652276796988,0.16792929292929293,0.11286411997091704,0.06151480199923107,0.3385923599127511,0.09562366525019199,0.10408168363641862,0.04352291851188012,"[""ArgumentMatchingToolTest"", ""Arrays"", ""Equals"", ""ArgumentMatchingTool"", ""Integer""]","[0.009996155324875048, 0.008201892744479496, 0.007575757575757576]","[0.06151480199923107, 0.10914826498422713, 0.16792929292929293]"
org.mockito.internal.verification.argumentmatching.ArgumentMatchingToolTest.shouldNotFindAnySuspiciousMatchersWhenArgumentsMatch,0.009996155324875048,0.008591268548370707,0.007575757575757576,0.02577380564511212,0.008475497120504183,0.00853213496665875,0.0010257652276796988,0.16792929292929293,0.11286411997091704,0.06151480199923107,0.3385923599127511,0.09562366525019199,0.10408168363641862,0.04352291851188012,"[""ArgumentMatchingToolTest"", ""Arrays"", ""Equals"", ""ArgumentMatchingTool"", ""Integer""]","[0.009996155324875048, 0.008201892744479496, 0.007575757575757576]","[0.06151480199923107, 0.10914826498422713, 0.16792929292929293]"
org.mockito.internal.verification.argumentmatching.ArgumentMatchingToolTest.shouldFindSuspiciousMatchers,0.009996155324875048,0.008591268548370707,0.007575757575757576,0.02577380564511212,0.008475497120504183,0.00853213496665875,0.0010257652276796988,0.16792929292929293,0.11286411997091704,0.06151480199923107,0.3385923599127511,0.09562366525019199,0.10408168363641862,0.04352291851188012,"[""ArgumentMatchingToolTest"", ""Arrays"", ""Equals"", ""ArgumentMatchingTool"", ""Integer"", ""Long""]","[0.009996155324875048, 0.008201892744479496, 0.007575757575757576]","[0.06151480199923107, 0.10914826498422713, 0.16792929292929293]"
org.mockito.internal.verification.argumentmatching.ArgumentMatchingToolTest.shouldNotFindSuspiciousMatchersWhenTypesAreTheSame,0.009996155324875048,0.008591268548370707,0.007575757575757576,0.02577380564511212,0.008475497120504183,0.00853213496665875,0.0010257652276796988,0.16792929292929293,0.11286411997091704,0.06151480199923107,0.3385923599127511,0.09562366525019199,0.10408168363641862,0.04352291851188012,"[""ArgumentMatchingToolTest"", ""Arrays"", ""Equals"", ""ArgumentMatchingToolTest$1"", ""ArgumentMatchingTool"", ""Integer"", ""Description""]","[0.009996155324875048, 0.008201892744479496, 0.007575757575757576]","[0.06151480199923107, 0.10914826498422713, 0.16792929292929293]"
org.mockito.internal.util.MockCreationValidatorTest.should_not_allow_extra_interface_that_is_the_same_as_the_mocked_type,0.011398176291793313,0.008526219524608159,0.006838905775075988,0.025578658573824478,0.008104470255172325,0.00830240228666379,0.0020411224396734004,0.19376899696048633,0.14157854269334424,0.04327666151468315,0.42473562808003273,0.08929671055495272,0.11632142179894332,0.06955421638714797,"[""Arrays"", ""MockCreationValidator"", ""MockitoException"", ""MockCreationValidatorTest""]","[0.011398176291793313, 0.007341576506955177, 0.006838905775075988]","[0.19376899696048633, 0.04327666151468315, 0.18768996960486323]"
org.mockito.runners.RunnersValidateFrameworkUsageTest.shouldValidateWithD44Runner,0.013112225221750868,0.00843361807577057,0.004176610978520286,0.025300854227311712,0.006810353358617804,0.007598842585301339,0.0036601102375723757,0.29039722329348244,0.157831354752996,0.08763144717075613,0.473494064258988,0.11843669405909993,0.1344310127774178,0.09379276733432788,"[""ExtraMatchers$6"", ""Matcher"", ""Object"", ""Runner"", ""RunNotifier"", ""List"", ""LinkedList"", ""Collection"", ""CoreMatchers"", ""RunnersValidateFrameworkUsageTest"", ""RunnersValidateFrameworkUsageTest$RunNotifierStub"", ""Iterator"", ""ExtraMatchers"", ""MockitoJUnit44Runner""]","[0.013112225221750868, 0.00801201802704056, 0.004176610978520286]","[0.29039722329348244, 0.08763144717075613, 0.0954653937947494]"
org.mockito.internal.junit.JUnitRuleTest.shouldRethrowException,0.015151515151515152,0.012626262626262628,0.010101010101010102,0.025252525252525256,0.012121212121212121,0.012371160317086767,0.002525252525252525,0.4772727272727273,0.27904040404040403,0.08080808080808081,0.5580808080808081,0.1382147264500206,0.19638608176993516,0.19823232323232326,"[""JUnitRule"", ""JUnitRuleTest$ExceptionStatement"", ""RuntimeException"", ""Statement"", ""JUnitRuleTest""]","[0.015151515151515152, 0.010101010101010102]","[0.4772727272727273, 0.08080808080808081]"
org.mockitousage.annotation.CaptorAnnotationUnhappyPathTest.shouldFailIfCaptorHasWrongType,0.014163090128755365,0.008185257553881648,0.0030511060259344014,0.024555772661644944,0.005612023035847878,0.006820269707208887,0.0045755069633170095,0.12832618025751072,0.0673713006771793,0.03051106025934401,0.2021139020315379,0.04711441114583351,0.055336128673080236,0.04341553602373316,"[""MockitoException"", ""MockitoAnnotations"", ""CaptorAnnotationUnhappyPathTest""]","[0.014163090128755365, 0.007341576506955177, 0.0030511060259344014]","[0.12832618025751072, 0.04327666151468315, 0.03051106025934401]"
org.mockitousage.annotation.AnnotationsTest.shouldLookForAnnotatedMocksInSuperClasses,0.014163090128755365,0.012231759656652361,0.010300429184549357,0.024463519313304722,0.011926812740004518,0.012078323845038872,0.0019313304721030045,0.15665236051502146,0.14248927038626608,0.12832618025751072,0.28497854077253215,0.14108149335539583,0.14178363464524105,0.01416309012875537,"[""AnnotationsTest$Base"", ""Object"", ""AnnotationsTest"", ""AnnotationsTest$SuperBase"", ""MockitoAnnotations"", ""AnnotationsTest$Sub""]","[0.014163090128755365, 0.010300429184549357]","[0.12832618025751072, 0.15665236051502146]"
org.mockitousage.stacktrace.ModellingDescriptiveMessagesTest.shouldShowExampleOfCorrectArgumentCapturing,0.014243323442136498,0.012226596491346185,0.01020986954055587,0.02445319298269237,0.011893945651276121,0.012059124104517488,0.0020167269507903136,0.4540059347181009,0.2882621846023857,0.12251843448667045,0.5765243692047713,0.1929635565831998,0.23584761260042306,0.16574375011571524,"[""ModellingDescriptiveMessagesTest"", ""ArgumentCaptor""]","[0.014243323442136498, 0.01020986954055587]","[0.4540059347181009, 0.12251843448667045]"
org.mockito.internal.stubbing.InvocationContainerImplStubbingTest.should_validate_throwable,0.014450867052023121,0.008082614384790143,0.0012091898428053204,0.024247843154370428,0.002962540323465514,0.0053140202813474115,0.005417681102683432,0.27528901734104044,0.118003463795614,0.0,0.354010391386842,0.12243216714576177,0.14721117384494015,0.09828382164761947,"[""InvocationContainerImpl"", ""ThrowsException"", ""InvocationContainerImplStubbingTest""]","[0.014450867052023121, 0.008587786259541985, 0.0012091898428053204]","[0.27528901734104044, 0.07872137404580153, 0.0]"
org.mockito.internal.runners.RunnerFactoryTest.shouldSaySomethingMeaningfulWhenNoTestMethods,0.007341576506955177,0.00603923858465363,0.004206730769230769,0.02415695433861452,0.005781354735805821,0.005915744032648954,0.0011589538069881708,0.23663663663663664,0.11831947590222186,0.04327666151468315,0.47327790360888744,0.08101486591510612,0.09735812713575037,0.07368080345387497,"[""RunnerProvider"", ""RunnerFactory"", ""MockitoException"", ""RunnerFactoryTest""]","[0.007341576506955177, 0.006602641056422569, 0.006006006006006006, 0.004206730769230769]","[0.04327666151468315, 0.12064825930372149, 0.23663663663663664, 0.07271634615384616]"
org.mockito.internal.runners.RunnerFactoryTest.shouldThrowMeaningfulMockitoExceptionIfNoValidJUnitFound,0.007341576506955177,0.00603923858465363,0.004206730769230769,0.02415695433861452,0.005781354735805821,0.005915744032648954,0.0011589538069881708,0.23663663663663664,0.11831947590222186,0.04327666151468315,0.47327790360888744,0.08101486591510612,0.09735812713575037,0.07368080345387497,"[""RunnerProvider"", ""RunnerFactory"", ""InitializationError"", ""MockitoException"", ""RunnerFactoryTest$1"", ""RunnerFactoryTest""]","[0.007341576506955177, 0.006602641056422569, 0.006006006006006006, 0.004206730769230769]","[0.04327666151468315, 0.12064825930372149, 0.23663663663663664, 0.07271634615384616]"
org.mockitousage.internal.debugging.LocationImplTest.shouldBeSafeInCaseForSomeReasonFilteredStackTraceIsEmpty,0.013523956723338485,0.008017343863216215,0.0042780748663101605,0.024052031589648644,0.006414466148418528,0.007124330473711331,0.003976112932389068,0.11591962905718702,0.09910481990557451,0.0855614973262032,0.29731445971672354,0.09756430937312574,0.09832198799087785,0.012607696296130849,"[""LocationImplTest"", ""StackTraceFilter"", ""LocationImplTest$1"", ""LocationImpl""]","[0.013523956723338485, 0.00625, 0.0042780748663101605]","[0.11591962905718702, 0.09583333333333334, 0.0855614973262032]"
org.mockito.internal.matchers.LocalizedMatcherTest.shouldDelegateToCapturingMatcher,0.012813667912439935,0.007944934546486005,0.005079365079365079,0.023834803639458016,0.006768698529688263,0.0072856156938287675,0.0034606703861745553,0.17565403096636412,0.12300993517286975,0.0873440285204991,0.36902980551860926,0.11289601196706357,0.1176095037426651,0.0379987571102091,"[""LocalizedMatcherTest"", ""LocalizedMatcher"", ""CapturingMatcher""]","[0.012813667912439935, 0.0059417706476530005, 0.005079365079365079]","[0.17565403096636412, 0.0873440285204991, 0.10603174603174603]"
org.mockito.internal.matchers.MatchersToStringTest.orToString,0.009996155324875048,0.007938288171304684,0.004229142637447136,0.023814864513914052,0.006806224411213993,0.0074010743783457155,0.0026280092657296737,0.24779439969313388,0.10912639159321304,0.018069973087274125,0.3273791747796391,0.0396656034944976,0.06506431686784475,0.09964428614693065,"[""Or"", ""ArrayList"", ""Equals"", ""Integer"", ""MatchersToStringTest"", ""List""]","[0.009996155324875048, 0.009589566551591868, 0.004229142637447136]","[0.06151480199923107, 0.24779439969313388, 0.018069973087274125]"
org.mockito.internal.configuration.plugins.PluginFinderTest.empty_resources,0.014218009478672985,0.011848341232227489,0.009478672985781991,0.023696682464454978,0.01137440758293839,0.0116089561269345,0.002369668246445497,0.32701421800947866,0.1872037914691943,0.04739336492890995,0.3744075829383886,0.08278840962265283,0.12449218518069856,0.13981042654028436,"[""Arrays"", ""PluginFinderTest"", ""PluginFinder""]","[0.014218009478672985, 0.009478672985781991]","[0.32701421800947866, 0.04739336492890995]"
org.mockito.internal.matchers.MatchersToStringTest.andToString,0.009996155324875048,0.007810132333806286,0.0038446751249519417,0.023430397001418857,0.006459691524884721,0.007169637647310223,0.0028089104369347136,0.24779439969313388,0.10912639159321304,0.018069973087274125,0.3273791747796391,0.0396656034944976,0.06506431686784475,0.09964428614693065,"[""ArrayList"", ""Equals"", ""And"", ""Integer"", ""MatchersToStringTest"", ""List""]","[0.009996155324875048, 0.009589566551591868, 0.0038446751249519417]","[0.06151480199923107, 0.24779439969313388, 0.018069973087274125]"
org.mockito.internal.matchers.MatchersToStringTest.notToString,0.009996155324875048,0.007810132333806286,0.0038446751249519417,0.023430397001418857,0.006459691524884721,0.007169637647310223,0.0028089104369347136,0.24779439969313388,0.10822930073072425,0.015378700499807767,0.32468790219217275,0.035163040704893775,0.061659062731385245,0.10046872681480433,"[""Not"", ""Integer"", ""MatchersToStringTest"", ""Equals""]","[0.009996155324875048, 0.009589566551591868, 0.0038446751249519417]","[0.06151480199923107, 0.24779439969313388, 0.015378700499807767]"
org.mockito.internal.exceptions.stacktrace.StackTraceFilterTest.shouldReturnEmptyArrayWhenInputIsEmpty,0.013523956723338485,0.011395694160433584,0.009267431597528684,0.02279138832086717,0.010998219335917042,0.011195192890766887,0.0021282625629049003,0.19020300088261252,0.15306131496989978,0.11591962905718702,0.30612262993979955,0.14404855539240696,0.14848656945285074,0.03714168591271275,"[""StackTraceFilterTest"", ""StackTraceFilter""]","[0.013523956723338485, 0.009267431597528684]","[0.11591962905718702, 0.19020300088261252]"
org.mockito.internal.matchers.EqualsTest.shouldMatchTypes,0.009996155324875048,0.007541565846435612,0.0038095238095238095,0.022624697539306834,0.006303451086765563,0.0069509043502991395,0.0026823517238976427,0.0678680981595092,0.0511699614285748,0.02412698412698413,0.1535098842857244,0.04141468036814999,0.046528185476368576,0.01929737562512603,"[""Equals"", ""Integer"", ""ContainsExtraTypeInformation"", ""Long"", ""EqualsTest""]","[0.009996155324875048, 0.008819018404907975, 0.0038095238095238095]","[0.06151480199923107, 0.0678680981595092, 0.02412698412698413]"
org.mockito.internal.matchers.EqualsTest.shouldMatchTypesSafelyWhenActualIsNull,0.009996155324875048,0.007541565846435612,0.0038095238095238095,0.022624697539306834,0.006303451086765563,0.0069509043502991395,0.0026823517238976427,0.0678680981595092,0.0511699614285748,0.02412698412698413,0.1535098842857244,0.04141468036814999,0.046528185476368576,0.01929737562512603,"[""Integer"", ""Equals"", ""ContainsExtraTypeInformation"", ""EqualsTest""]","[0.009996155324875048, 0.008819018404907975, 0.0038095238095238095]","[0.06151480199923107, 0.0678680981595092, 0.02412698412698413]"
org.mockito.internal.matchers.EqualsTest.shouldMatchTypesSafelyWhenGivenIsNull,0.009996155324875048,0.007541565846435612,0.0038095238095238095,0.022624697539306834,0.006303451086765563,0.0069509043502991395,0.0026823517238976427,0.0678680981595092,0.0511699614285748,0.02412698412698413,0.1535098842857244,0.04141468036814999,0.046528185476368576,0.01929737562512603,"[""Integer"", ""Equals"", ""ContainsExtraTypeInformation"", ""EqualsTest""]","[0.009996155324875048, 0.008819018404907975, 0.0038095238095238095]","[0.06151480199923107, 0.0678680981595092, 0.02412698412698413]"
org.mockito.internal.progress.MockingProgressImplTest.shouldNotifyListenerSafely,0.013409183258837871,0.010767980495733442,0.008126777732629013,0.021535960991466884,0.010120138308556884,0.01043903500907365,0.002641202763104429,0.05729378301503454,0.05343356359203576,0.04957334416903698,0.10686712718407151,0.053154688424594775,0.05329394359728348,0.00386021942299878,"[""MockingProgressImplTest"", ""MockingProgress""]","[0.013409183258837871, 0.008126777732629013]","[0.04957334416903698, 0.05729378301503454]"
org.mockitousage.junitrule.RuleTestWithFactoryMethodTest.testInjectMocks,0.021505376344086023,0.021505376344086023,0.021505376344086023,0.021505376344086023,0.021505376344086023,0.021505376344086027,0.0,0.24731182795698925,0.24731182795698925,0.24731182795698925,0.24731182795698925,0.24731182795698922,0.24731182795698928,0.0,"[""Object"", ""RuleTestWithFactoryMethodTest$InjectInto"", ""RuleTestWithFactoryMethodTest""]",[0.021505376344086023],[0.24731182795698925]
org.mockitousage.matchers.CapturingArgumentsTest.should_allow_construction_of_captor_for_parameterized_type_in_a_convenient_way,0.014243323442136498,0.010680380582278213,0.0071174377224199285,0.021360761164556426,0.00949179355349021,0.010068563331463448,0.0035629428598582848,0.4540059347181009,0.3153778190790979,0.1767497034400949,0.6307556381581958,0.2544421625965445,0.283276215594369,0.13862811563900299,"[""ArgumentCaptor"", ""CapturingArgumentsTest""]","[0.014243323442136498, 0.0071174377224199285]","[0.4540059347181009, 0.1767497034400949]"
org.mockitousage.matchers.CapturingArgumentsTest.should_allow_construction_of_captor_for_a_more_specific_type,0.014243323442136498,0.010680380582278213,0.0071174377224199285,0.021360761164556426,0.00949179355349021,0.010068563331463448,0.0035629428598582848,0.4540059347181009,0.3153778190790979,0.1767497034400949,0.6307556381581958,0.2544421625965445,0.283276215594369,0.13862811563900299,"[""ArgumentCaptor"", ""CapturingArgumentsTest""]","[0.014243323442136498, 0.0071174377224199285]","[0.4540059347181009, 0.1767497034400949]"
org.mockitousage.matchers.CapturingArgumentsTest.should_say_something_smart_when_misused,0.014243323442136498,0.010680380582278213,0.0071174377224199285,0.021360761164556426,0.00949179355349021,0.010068563331463448,0.0035629428598582848,0.4540059347181009,0.3153778190790979,0.1767497034400949,0.6307556381581958,0.2544421625965445,0.283276215594369,0.13862811563900299,"[""ArgumentCaptor"", ""CapturingArgumentsTest""]","[0.014243323442136498, 0.0071174377224199285]","[0.4540059347181009, 0.1767497034400949]"
org.mockito.internal.progress.ThreadSafeMockingProgressTest.shouldShareState,0.01300284437220642,0.007072643419065073,0.0037341299477221808,0.02121793025719522,0.00528287212147671,0.006014499435196216,0.004204354867130324,0.07882974400650142,0.05814115688939642,0.02539208364451083,0.17442347066818925,0.04524027053218302,0.05198905351222009,0.023423455202989104,"[""ThreadSafeMockingProgress"", ""ThreadSafeMockingProgressTest"", ""Object"", ""DummyVerificationMode""]","[0.01300284437220642, 0.004480955937266617, 0.0037341299477221808]","[0.07882974400650142, 0.02539208364451083, 0.070201643017177]"
org.mockito.internal.util.collections.ListUtilTest.shouldFilterList,0.013112225221750868,0.007023303515273762,0.0037735849056603774,0.021069910545821285,0.0051700542348826605,0.005915764476029728,0.0043087783579771255,0.29039722329348244,0.112435797441374,0.023060796645702306,0.337307392324122,0.03380776139717924,0.05425601678096411,0.12583814281690256,"[""StringBuilder"", ""ListUtil"", ""Object"", ""Collections"", ""Arrays"", ""ListUtilTest$1"", ""ExtraMatchers$5"", ""Collection"", ""ListUtilTest"", ""ExtraMatchers""]","[0.013112225221750868, 0.0041841004184100415, 0.0037735849056603774]","[0.29039722329348244, 0.02384937238493724, 0.023060796645702306]"
org.mockitousage.annotation.MockInjectionUsingSetterOrPropertyTest.shouldInjectSpies,0.014163090128755365,0.010277892096341154,0.006392694063926941,0.020555784192682308,0.008809228715797503,0.00951526679567928,0.0038851980324142122,0.473972602739726,0.30114939149861836,0.12832618025751072,0.6022987829972367,0.2019698374737664,0.24662338424468103,0.17282321124110764,"[""MockInjectionUsingSetterOrPropertyTest$SuperUnderTesting"", ""MockInjectionUsingSetterOrPropertyTest$OtherBaseUnderTesting"", ""Object"", ""MockInjectionUsingSetterOrPropertyTest"", ""MockitoAnnotations""]","[0.014163090128755365, 0.006392694063926941]","[0.12832618025751072, 0.473972602739726]"
org.mockitousage.annotation.MockInjectionUsingSetterOrPropertyTest.shouldInjectMocksIfAnnotated,0.014163090128755365,0.010277892096341154,0.006392694063926941,0.020555784192682308,0.008809228715797503,0.00951526679567928,0.0038851980324142122,0.473972602739726,0.30114939149861836,0.12832618025751072,0.6022987829972367,0.2019698374737664,0.24662338424468103,0.17282321124110764,"[""MockInjectionUsingSetterOrPropertyTest$SuperUnderTesting"", ""Object"", ""MockInjectionUsingSetterOrPropertyTest"", ""MockitoAnnotations""]","[0.014163090128755365, 0.006392694063926941]","[0.12832618025751072, 0.473972602739726]"
org.mockitousage.annotation.MockInjectionUsingSetterOrPropertyTest.shouldInjectMocksByName,0.014163090128755365,0.010277892096341154,0.006392694063926941,0.020555784192682308,0.008809228715797503,0.00951526679567928,0.0038851980324142122,0.473972602739726,0.30114939149861836,0.12832618025751072,0.6022987829972367,0.2019698374737664,0.24662338424468103,0.17282321124110764,"[""MockInjectionUsingSetterOrPropertyTest$SuperUnderTesting"", ""Object"", ""MockInjectionUsingSetterOrPropertyTest$BaseUnderTesting"", ""MockInjectionUsingSetterOrPropertyTest"", ""MockInjectionUsingSetterOrPropertyTest$SubUnderTesting"", ""MockitoAnnotations""]","[0.014163090128755365, 0.006392694063926941]","[0.12832618025751072, 0.473972602739726]"
org.mockitousage.annotation.MockInjectionUsingSetterOrPropertyTest.shouldInjectMocksForClassHierarchyIfAnnotated,0.014163090128755365,0.010277892096341154,0.006392694063926941,0.020555784192682308,0.008809228715797503,0.00951526679567928,0.0038851980324142122,0.473972602739726,0.30114939149861836,0.12832618025751072,0.6022987829972367,0.2019698374737664,0.24662338424468103,0.17282321124110764,"[""MockInjectionUsingSetterOrPropertyTest$SuperUnderTesting"", ""Object"", ""MockInjectionUsingSetterOrPropertyTest$BaseUnderTesting"", ""MockInjectionUsingSetterOrPropertyTest"", ""MockitoAnnotations""]","[0.014163090128755365, 0.006392694063926941]","[0.12832618025751072, 0.473972602739726]"
org.mockitousage.annotation.MockInjectionUsingSetterOrPropertyTest.shouldNotInjectIfNotAnnotated,0.014163090128755365,0.010277892096341154,0.006392694063926941,0.020555784192682308,0.008809228715797503,0.00951526679567928,0.0038851980324142122,0.473972602739726,0.30114939149861836,0.12832618025751072,0.6022987829972367,0.2019698374737664,0.24662338424468103,0.17282321124110764,"[""MockInjectionUsingSetterOrPropertyTest$SuperUnderTesting"", ""Object"", ""MockInjectionUsingSetterOrPropertyTest"", ""MockitoAnnotations""]","[0.014163090128755365, 0.006392694063926941]","[0.12832618025751072, 0.473972602739726]"
org.mockitousage.annotation.MockInjectionUsingSetterOrPropertyTest.shouldInsertFieldWithCorrectNameWhenMultipleTypesAvailable,0.014163090128755365,0.010277892096341154,0.006392694063926941,0.020555784192682308,0.008809228715797503,0.00951526679567928,0.0038851980324142122,0.473972602739726,0.30114939149861836,0.12832618025751072,0.6022987829972367,0.2019698374737664,0.24662338424468103,0.17282321124110764,"[""Object"", ""MockInjectionUsingSetterOrPropertyTest$OtherSuperUnderTesting"", ""MockInjectionUsingSetterOrPropertyTest"", ""MockitoAnnotations""]","[0.014163090128755365, 0.006392694063926941]","[0.12832618025751072, 0.473972602739726]"
org.mockitousage.annotation.WrongSetOfAnnotationsTest.should_not_allow_Captor_and_InjectMocks,0.014163090128755365,0.010170348153180771,0.006177606177606178,0.020340696306361542,0.00860285132382892,0.00935382237769096,0.003992741975574594,0.2,0.16416309012875535,0.12832618025751072,0.3283261802575107,0.15633986928104573,0.16020373295120852,0.035836909871244646,"[""Object"", ""WrongSetOfAnnotationsTest$7"", ""WrongSetOfAnnotationsTest"", ""MockitoAnnotations""]","[0.014163090128755365, 0.006177606177606178]","[0.12832618025751072, 0.2]"
org.mockitousage.annotation.WrongSetOfAnnotationsTest.should_not_allow_Mock_and_Spy,0.014163090128755365,0.010170348153180771,0.006177606177606178,0.020340696306361542,0.00860285132382892,0.00935382237769096,0.003992741975574594,0.2,0.16416309012875535,0.12832618025751072,0.3283261802575107,0.15633986928104573,0.16020373295120852,0.035836909871244646,"[""Object"", ""WrongSetOfAnnotationsTest$1"", ""WrongSetOfAnnotationsTest"", ""MockitoAnnotations""]","[0.014163090128755365, 0.006177606177606178]","[0.12832618025751072, 0.2]"
org.mockitousage.annotation.WrongSetOfAnnotationsTest.should_not_allow_Captor_and_Spy,0.014163090128755365,0.010170348153180771,0.006177606177606178,0.020340696306361542,0.00860285132382892,0.00935382237769096,0.003992741975574594,0.2,0.16416309012875535,0.12832618025751072,0.3283261802575107,0.15633986928104573,0.16020373295120852,0.035836909871244646,"[""Object"", ""WrongSetOfAnnotationsTest$6"", ""WrongSetOfAnnotationsTest"", ""MockitoAnnotations""]","[0.014163090128755365, 0.006177606177606178]","[0.12832618025751072, 0.2]"
org.mockitousage.annotation.WrongSetOfAnnotationsTest.should_not_allow_Captor_and_Mock,0.014163090128755365,0.010170348153180771,0.006177606177606178,0.020340696306361542,0.00860285132382892,0.00935382237769096,0.003992741975574594,0.2,0.16416309012875535,0.12832618025751072,0.3283261802575107,0.15633986928104573,0.16020373295120852,0.035836909871244646,"[""WrongSetOfAnnotationsTest"", ""Object"", ""WrongSetOfAnnotationsTest$5"", ""MockitoAnnotations""]","[0.014163090128755365, 0.006177606177606178]","[0.12832618025751072, 0.2]"
org.mockitousage.annotation.WrongSetOfAnnotationsTest.should_not_allow_Mock_and_InjectMocks,0.014163090128755365,0.010170348153180771,0.006177606177606178,0.020340696306361542,0.00860285132382892,0.00935382237769096,0.003992741975574594,0.2,0.16416309012875535,0.12832618025751072,0.3283261802575107,0.15633986928104573,0.16020373295120852,0.035836909871244646,"[""Object"", ""WrongSetOfAnnotationsTest$4"", ""WrongSetOfAnnotationsTest"", ""MockitoAnnotations""]","[0.014163090128755365, 0.006177606177606178]","[0.12832618025751072, 0.2]"
org.mockitousage.puzzlers.BridgeMethodPuzzleTest.shouldHaveBridgeMethod,0.013112225221750868,0.010123294537153674,0.007134363852556481,0.020246589074307347,0.009240804493567675,0.009671989746098725,0.002988930684597193,0.29039722329348244,0.1895902089515371,0.08878319460959176,0.3791804179030742,0.13599010904798783,0.16056896708190635,0.10080701434194533,"[""BridgeMethodPuzzleTest"", ""StringBuilder"", ""BridgeMethodPuzzleTest$Sub"", ""Object"", ""String"", ""ExtraMatchers$4"", ""Class"", ""Method"", ""ExtraMatchers"", ""BridgeMethodPuzzleTest$Super""]","[0.013112225221750868, 0.007134363852556481]","[0.29039722329348244, 0.08878319460959176]"
org.mockitousage.annotation.MockInjectionUsingConstructorTest.mockJustWorks,0.006392694063926941,0.005053067949762925,0.004222648752399232,0.0202122717990517,0.004933918171591462,0.004991079704746416,0.0008196829948032606,0.08493150684931507,0.04695264638603318,0.01689059500959693,0.1878105855441327,0.033689894118171505,0.04009058395814949,0.02486437749319439,"[""ArticleManager"", ""ArticleDatabase"", ""ArticleCalculator"", ""MockInjectionUsingConstructorTest""]","[0.006392694063926941, 0.0049904030710172746, 0.004606525911708253, 0.004222648752399232]","[0.08493150684931507, 0.04990403071017274, 0.01689059500959693, 0.03608445297504798]"
org.mockitousage.junitrule.MockitoJUnitRuleTest.testInjectMocks,0.020202020202020204,0.020202020202020204,0.020202020202020204,0.020202020202020204,0.020202020202020204,0.020202020202020207,0.0,0.2878787878787879,0.2878787878787879,0.2878787878787879,0.2878787878787879,0.2878787878787879,0.2878787878787879,0.0,"[""MockitoJUnitRuleTest"", ""Object"", ""MockitoJUnitRuleTest$InjectInto""]",[0.020202020202020204],[0.2878787878787879]
org.mockitousage.basicapi.MocksSerializationTest.should_serialization_work,0.017437961099932932,0.009989628580462019,0.0025412960609911056,0.019979257160924038,0.004436103054086333,0.006656952895655469,0.0074483325194709135,0.7813547954393025,0.3932186937806424,0.005082592121982211,0.7864373875612848,0.010099488632115291,0.06301831263825478,0.38813610165866014,"[""Object"", ""ByteArrayOutputStream"", ""MocksSerializationTest"", ""SimpleSerializationUtil"", ""ObjectInputStream"", ""MocksSerializationTest$Bar"", ""Class"", ""MocksSerializationTest$Foo"", ""ObjectOutputStream"", ""ByteArrayInputStream""]","[0.017437961099932932, 0.0025412960609911056]","[0.7813547954393025, 0.005082592121982211]"
org.mockito.internal.matchers.MatchersToStringTest.equalsToStringWithObject,0.009996155324875048,0.009792860938233458,0.009589566551591868,0.019585721876466917,0.009788640659001408,0.00979075057122479,0.00020329438664158997,0.24779439969313388,0.1546546008461825,0.06151480199923107,0.309309201692365,0.0985617197952098,0.1234626398293891,0.09313979884695141,"[""Object"", ""MatchersToStringTest$2"", ""MatchersToStringTest"", ""Equals""]","[0.009996155324875048, 0.009589566551591868]","[0.06151480199923107, 0.24779439969313388]"
org.mockito.internal.matchers.MatchersToStringTest.equalsToStringWithString,0.009996155324875048,0.009792860938233458,0.009589566551591868,0.019585721876466917,0.009788640659001408,0.00979075057122479,0.00020329438664158997,0.24779439969313388,0.1546546008461825,0.06151480199923107,0.309309201692365,0.0985617197952098,0.1234626398293891,0.09313979884695141,"[""MatchersToStringTest"", ""Equals""]","[0.009996155324875048, 0.009589566551591868]","[0.06151480199923107, 0.24779439969313388]"
org.mockito.internal.matchers.MatchersToStringTest.equalsToStringWithChar,0.009996155324875048,0.009792860938233458,0.009589566551591868,0.019585721876466917,0.009788640659001408,0.00979075057122479,0.00020329438664158997,0.24779439969313388,0.1546546008461825,0.06151480199923107,0.309309201692365,0.0985617197952098,0.1234626398293891,0.09313979884695141,"[""MatchersToStringTest"", ""Character"", ""Equals""]","[0.009996155324875048, 0.009589566551591868]","[0.06151480199923107, 0.24779439969313388]"
org.mockitousage.bugs.ParentTestMockInjectionTest.injectMocksShouldInjectMocksFromTestSuperClasses,0.014163090128755365,0.009745843465798642,0.0053285968028419185,0.019491686931597283,0.007743752199929603,0.008687312402489496,0.004417246662956724,0.14564831261101244,0.13698724643426158,0.12832618025751072,0.27397449286852316,0.1364396475207083,0.13671317280468276,0.008661066176750859,"[""Object"", ""ParentTestMockInjectionTest$ImplicitTest"", ""ParentTestMockInjectionTest$DaoA"", ""ParentTestMockInjectionTest$TestedSystem"", ""ParentTestMockInjectionTest"", ""ParentTestMockInjectionTest$DaoB"", ""ParentTestMockInjectionTest$BaseTest"", ""MockitoAnnotations""]","[0.014163090128755365, 0.0053285968028419185]","[0.12832618025751072, 0.14564831261101244]"
org.mockitousage.junitrunner.JUnit45RunnerTest.shouldFilterTestMethodsCorrectly,0.009013520280420632,0.006414649183735549,0.0037369207772795215,0.019243947551206647,0.005633332637860168,0.006025076101510321,0.002154884287011793,0.1326990485728593,0.09331696662019501,0.04035874439461883,0.279950899860585,0.07199637077014209,0.0830331891250271,0.03890087087683967,"[""Filters"", ""Object"", ""String"", ""MockitoJUnitRunner"", ""Filters$1"", ""Filter"", ""JUnit45RunnerTest"", ""Description""]","[0.009013520280420632, 0.006493506493506494, 0.0037369207772795215]","[0.1326990485728593, 0.1068931068931069, 0.04035874439461883]"
org.mockito.internal.verification.checkers.NumberOfInvocationsInOrderCheckerTest.shouldPassIfWantedIsZeroAndMatchingChunkIsEmpty,0.01080802882141019,0.009521358723623263,0.008234688625836336,0.019042717447246525,0.009347484386084489,0.00943402098807173,0.0012866700977869272,0.10138960370560988,0.08594956253216676,0.07050952135872363,0.17189912506433352,0.08317590244112906,0.08455135970540759,0.01544004117344313,"[""NumberOfInvocationsInOrderChecker"", ""List"", ""NumberOfInvocationsInOrderCheckerTest""]","[0.01080802882141019, 0.008234688625836336]","[0.07050952135872363, 0.10138960370560988]"
org.mockito.internal.verification.checkers.MissingInvocationCheckerTest.shouldAskAnalyzerForSimilarInvocation,0.00977869274318065,0.009521358723623263,0.009264024704065878,0.019042717447246525,0.009514403750121712,0.009517880601599037,0.0002573340195573858,0.10036026762738035,0.07951621204323212,0.05867215645908389,0.15903242408646423,0.0740522363075816,0.07673560662762233,0.020844055584148227,"[""MissingInvocationChecker"", ""MissingInvocationCheckerTest""]","[0.00977869274318065, 0.009264024704065878]","[0.05867215645908389, 0.10036026762738035]"
org.mockito.internal.matchers.EqualsTest.shouldAppendQuotingForString,0.009996155324875048,0.009407586864891512,0.008819018404907975,0.018815173729783023,0.009370764156043595,0.009389157458919935,0.0005885684599835368,0.0678680981595092,0.06469145007937013,0.06151480199923107,0.12938290015874027,0.06453546203129469,0.06461340898255243,0.003176648080139066,"[""Equals"", ""EqualsTest""]","[0.009996155324875048, 0.008819018404907975]","[0.06151480199923107, 0.0678680981595092]"
org.mockito.internal.matchers.EqualsTest.shouldDescribeWithExtraTypeInfoOfLong,0.009996155324875048,0.009407586864891512,0.008819018404907975,0.018815173729783023,0.009370764156043595,0.009389157458919935,0.0005885684599835368,0.0678680981595092,0.06469145007937013,0.06151480199923107,0.12938290015874027,0.06453546203129469,0.06461340898255243,0.003176648080139066,"[""Equals"", ""Long"", ""EqualsTest""]","[0.009996155324875048, 0.008819018404907975]","[0.06151480199923107, 0.0678680981595092]"
org.mockito.internal.matchers.EqualsTest.shouldAppendQuotingForChar,0.009996155324875048,0.009407586864891512,0.008819018404907975,0.018815173729783023,0.009370764156043595,0.009389157458919935,0.0005885684599835368,0.0678680981595092,0.06469145007937013,0.06151480199923107,0.12938290015874027,0.06453546203129469,0.06461340898255243,0.003176648080139066,"[""Equals"", ""Character"", ""EqualsTest""]","[0.009996155324875048, 0.008819018404907975]","[0.06151480199923107, 0.0678680981595092]"
org.mockito.internal.matchers.EqualsTest.shouldDescribeUsingToString,0.009996155324875048,0.009407586864891512,0.008819018404907975,0.018815173729783023,0.009370764156043595,0.009389157458919935,0.0005885684599835368,0.0678680981595092,0.06469145007937013,0.06151480199923107,0.12938290015874027,0.06453546203129469,0.06461340898255243,0.003176648080139066,"[""Integer"", ""Equals"", ""EqualsTest""]","[0.009996155324875048, 0.008819018404907975]","[0.06151480199923107, 0.0678680981595092]"
org.mockito.internal.matchers.EqualsTest.shouldArraysBeEqual,0.009996155324875048,0.009407586864891512,0.008819018404907975,0.018815173729783023,0.009370764156043595,0.009389157458919935,0.0005885684599835368,0.0678680981595092,0.06469145007937013,0.06151480199923107,0.12938290015874027,0.06453546203129469,0.06461340898255243,0.003176648080139066,"[""Equals"", ""EqualsTest""]","[0.009996155324875048, 0.008819018404907975]","[0.06151480199923107, 0.0678680981595092]"
org.mockito.internal.matchers.EqualsTest.shouldDescribeNull,0.009996155324875048,0.009407586864891512,0.008819018404907975,0.018815173729783023,0.009370764156043595,0.009389157458919935,0.0005885684599835368,0.0678680981595092,0.06469145007937013,0.06151480199923107,0.12938290015874027,0.06453546203129469,0.06461340898255243,0.003176648080139066,"[""Equals"", ""EqualsTest""]","[0.009996155324875048, 0.008819018404907975]","[0.06151480199923107, 0.0678680981595092]"
org.mockito.internal.matchers.EqualsTest.shouldDescribeWithExtraTypeInfo,0.009996155324875048,0.009407586864891512,0.008819018404907975,0.018815173729783023,0.009370764156043595,0.009389157458919935,0.0005885684599835368,0.0678680981595092,0.06469145007937013,0.06151480199923107,0.12938290015874027,0.06453546203129469,0.06461340898255243,0.003176648080139066,"[""Integer"", ""Equals"", ""EqualsTest""]","[0.009996155324875048, 0.008819018404907975]","[0.06151480199923107, 0.0678680981595092]"
org.mockito.internal.matchers.EqualsTest.shouldBeEqual,0.009996155324875048,0.009407586864891512,0.008819018404907975,0.018815173729783023,0.009370764156043595,0.009389157458919935,0.0005885684599835368,0.0678680981595092,0.06469145007937013,0.06151480199923107,0.12938290015874027,0.06453546203129469,0.06461340898255243,0.003176648080139066,"[""Integer"", ""Equals"", ""EqualsTest""]","[0.009996155324875048, 0.008819018404907975]","[0.06151480199923107, 0.0678680981595092]"
org.mockitousage.annotation.SpyAnnotationInitializedInBaseClassTest.shouldInitSpiesInBaseClass,0.014163090128755365,0.009396359879192497,0.004629629629629629,0.018792719758384993,0.006978219496722351,0.00809752194854702,0.004766730249562868,0.12832618025751072,0.11200259630159487,0.09567901234567901,0.22400519260318974,0.10962354972620722,0.11080668835919694,0.016323583955915856,"[""SpyAnnotationInitializedInBaseClassTest$SubClass"", ""SpyAnnotationInitializedInBaseClassTest$BaseClass"", ""Object"", ""LinkedList"", ""MockitoAnnotations"", ""SpyAnnotationInitializedInBaseClassTest""]","[0.014163090128755365, 0.004629629629629629]","[0.12832618025751072, 0.09567901234567901]"
org.mockitousage.internal.invocation.realmethod.CleanTraceRealMethodTest.shouldRemoveMockitoInternalsFromStackTraceWhenRealMethodThrows,0.013112225221750868,0.006248676012884092,0.0028169014084507044,0.018746028038652277,0.003815508921557626,0.004703342058782372,0.004853262188597261,0.29039722329348244,0.09679907443116081,0.0,0.29039722329348244,0.29039722329348244,0.29039722329348244,0.0,"[""CleanTraceRealMethodTest$1"", ""StringBuilder"", ""Object"", ""String"", ""CleanTraceRealMethod"", ""Throwable"", ""CleanTraceRealMethodTest"", ""RuntimeException"", ""StackTraceElement"", ""CleanTraceRealMethodTest$Foo"", ""ExtraMatchers$3"", ""ExtraMatchers""]","[0.013112225221750868, 0.0028169014084507044, 0.0028169014084507044]","[0.29039722329348244, 0.0, 0.0]"
org.mockitousage.annotation.CaptorAnnotationTest.shouldScreamWhenInitializingCaptorsForNullClass,0.014163090128755365,0.009369874583828484,0.004576659038901602,0.018739749167656968,0.006917876421571196,0.008051064181618868,0.004793215544926881,0.13653699466056446,0.1324315874590376,0.12832618025751072,0.2648631749180752,0.13230431896808514,0.13236793791787482,0.00410540720152687,"[""CaptorAnnotationTest"", ""MockitoAnnotations""]","[0.014163090128755365, 0.004576659038901602]","[0.12832618025751072, 0.13653699466056446]"
org.mockitousage.annotation.CaptorAnnotationTest.shouldLookForAnnotatedCaptorsInSuperClasses,0.014163090128755365,0.009369874583828484,0.004576659038901602,0.018739749167656968,0.006917876421571196,0.008051064181618868,0.004793215544926881,0.13653699466056446,0.1324315874590376,0.12832618025751072,0.2648631749180752,0.13230431896808514,0.13236793791787482,0.00410540720152687,"[""CaptorAnnotationTest"", ""CaptorAnnotationTest$Sub"", ""CaptorAnnotationTest$Base"", ""CaptorAnnotationTest$SuperBase"", ""Object"", ""MockitoAnnotations""]","[0.014163090128755365, 0.004576659038901602]","[0.12832618025751072, 0.13653699466056446]"
org.mockitousage.annotation.CaptorAnnotationTest.shouldScreamWhenWrongTypeForCaptor,0.014163090128755365,0.009369874583828484,0.004576659038901602,0.018739749167656968,0.006917876421571196,0.008051064181618868,0.004793215544926881,0.13653699466056446,0.1324315874590376,0.12832618025751072,0.2648631749180752,0.13230431896808514,0.13236793791787482,0.00410540720152687,"[""CaptorAnnotationTest"", ""Object"", ""CaptorAnnotationTest$WrongType"", ""MockitoAnnotations""]","[0.014163090128755365, 0.004576659038901602]","[0.12832618025751072, 0.13653699466056446]"
org.mockito.internal.progress.AtLeastTest.shouldNotAllowNegativeNumberOfMinimumInvocations,0.007696254489481785,0.006126692328580592,0.0033422459893048127,0.018380076985741775,0.005306504968254067,0.005737231663068101,0.001974218019039775,0.04344919786096257,0.03711795791399581,0.024628014366341714,0.11135387374198744,0.03459142574009654,0.03591051532019683,0.008832004663547475,"[""AtLeastTest"", ""VerificationModeFactory"", ""MockitoException""]","[0.007696254489481785, 0.007341576506955177, 0.0033422459893048127]","[0.024628014366341714, 0.04327666151468315, 0.04344919786096257]"
org.mockitoutil.ClassLoadersTest.can_not_load_a_class_not_previously_registered_in_builder,0.008547008547008548,0.004586958440835897,0.001229256299938537,0.018347833763343587,0.002751031636863824,0.0036215964356527833,0.0027895478892800414,1.652120467117394,0.6117787659590321,0.014367816091954023,2.4471150638361285,0.05275649158489384,0.23968230765167323,0.6252862829026398,"[""ClassLoaders$InMemoryClassLoaderBuilder"", ""ClassLoaders$InMemoryClassLoader$1"", ""ClassLoadersTest"", ""IllegalStateException"", ""Map"", ""ClassLoaders$InMemoryClassLoader"", ""ClassLoaders"", ""HashMap"", ""ClassNotFoundException"", ""ClassLoaders$MemHandler$MemURLConnection"", ""URLConnection"", ""URL"", ""StringBuilder"", ""Object"", ""String"", ""SimpleClassGenerator"", ""URLStreamHandler"", ""Class"", ""Set"", ""Iterator"", ""ClassLoader"", ""ByteArrayInputStream"", ""ClassWriter"", ""ClassLoaders$MemHandler""]","[0.008547008547008548, 0.005698005698005698, 0.0028735632183908046, 0.001229256299938537]","[0.27492877492877493, 0.5056980056980057, 0.014367816091954023, 1.652120467117394]"
org.mockitoutil.ClassLoadersTest.can_load_a_class_in_memory_from_bytes,0.008547008547008548,0.004586958440835897,0.001229256299938537,0.018347833763343587,0.002751031636863824,0.0036215964356527833,0.0027895478892800414,1.652120467117394,0.6117787659590321,0.014367816091954023,2.4471150638361285,0.05275649158489384,0.23968230765167323,0.6252862829026398,"[""ClassLoaders$InMemoryClassLoaderBuilder"", ""ClassLoaders$InMemoryClassLoader$1"", ""ClassLoadersTest"", ""IllegalStateException"", ""Map"", ""ClassLoaders$InMemoryClassLoader"", ""ClassLoaders"", ""HashMap"", ""ClassNotFoundException"", ""ClassLoaders$MemHandler$MemURLConnection"", ""URLConnection"", ""URL"", ""StringBuilder"", ""Object"", ""String"", ""SimpleClassGenerator"", ""URLStreamHandler"", ""Class"", ""Set"", ""Iterator"", ""ClassLoader"", ""ByteArrayInputStream"", ""ClassWriter"", ""ClassLoaders$MemHandler""]","[0.008547008547008548, 0.005698005698005698, 0.0028735632183908046, 0.001229256299938537]","[0.27492877492877493, 0.5056980056980057, 0.014367816091954023, 1.652120467117394]"
org.mockitoutil.ClassLoadersTest.can_list_all_classes_reachable_in_a_classloader,0.008547008547008548,0.004586958440835897,0.001229256299938537,0.018347833763343587,0.002751031636863824,0.0036215964356527833,0.0027895478892800414,1.652120467117394,0.6117787659590321,0.014367816091954023,2.4471150638361285,0.05275649158489384,0.23968230765167323,0.6252862829026398,"[""ClassLoaders$InMemoryClassLoaderBuilder"", ""Collections"", ""ClassLoaders$InMemoryClassLoader$1"", ""Map"", ""Arrays"", ""ClassLoaders$InMemoryClassLoader"", ""ClassLoaders"", ""File"", ""Enumeration"", ""URI"", ""StringBuilder"", ""String"", ""URLStreamHandler"", ""CharSequence"", ""Class"", ""Iterator"", ""ClassLoader"", ""ClassWriter"", ""ClassLoaders$ReachableClassesFinder"", ""ClassLoadersTest"", ""IllegalStateException"", ""HashMap"", ""ClassNotFoundException"", ""ClassLoaders$MemHandler$MemURLConnection"", ""IllegalArgumentException"", ""URLConnection"", ""URL"", ""Object"", ""SimpleClassGenerator"", ""Set"", ""ByteArrayInputStream"", ""HashSet"", ""ClassLoaders$MemHandler""]","[0.008547008547008548, 0.005698005698005698, 0.0028735632183908046, 0.001229256299938537]","[0.27492877492877493, 0.5056980056980057, 0.014367816091954023, 1.652120467117394]"
org.mockito.internal.util.MockCreationValidatorTest.should_validation_be_safe_when_nulls_passed,0.011398176291793313,0.00911854103343465,0.006838905775075988,0.0182370820668693,0.008548632218844984,0.008828989391050346,0.0022796352583586625,0.19376899696048633,0.19072948328267478,0.18768996960486323,0.38145896656534956,0.19068104481768974,0.19070526251228237,0.0030395136778115506,"[""MockCreationValidator"", ""MockCreationValidatorTest"", ""ArrayList""]","[0.011398176291793313, 0.006838905775075988]","[0.19376899696048633, 0.18768996960486323]"
org.mockito.internal.util.MockCreationValidatorTest.should_allow_only_consistent_types,0.011398176291793313,0.00911854103343465,0.006838905775075988,0.0182370820668693,0.008548632218844984,0.008828989391050346,0.0022796352583586625,0.19376899696048633,0.19072948328267478,0.18768996960486323,0.38145896656534956,0.19068104481768974,0.19070526251228237,0.0030395136778115506,"[""MockCreationValidator"", ""MockCreationValidatorTest"", ""ArrayList""]","[0.011398176291793313, 0.006838905775075988]","[0.19376899696048633, 0.18768996960486323]"
org.mockito.internal.util.MockCreationValidatorTest.should_not_allow_serializable_with_Object_that_dont_implement_Serializable,0.011398176291793313,0.00911854103343465,0.006838905775075988,0.0182370820668693,0.008548632218844984,0.008828989391050346,0.0022796352583586625,0.19376899696048633,0.19072948328267478,0.18768996960486323,0.38145896656534956,0.19068104481768974,0.19070526251228237,0.0030395136778115506,"[""MockCreationValidator"", ""MockCreationValidatorTest""]","[0.011398176291793313, 0.006838905775075988]","[0.19376899696048633, 0.18768996960486323]"
org.mockito.internal.util.MockCreationValidatorTest.should_allow_serializable_with_interfaces_or_Serializable_objects,0.011398176291793313,0.00911854103343465,0.006838905775075988,0.0182370820668693,0.008548632218844984,0.008828989391050346,0.0022796352583586625,0.19376899696048633,0.19072948328267478,0.18768996960486323,0.38145896656534956,0.19068104481768974,0.19070526251228237,0.0030395136778115506,"[""MockCreationValidator"", ""MockCreationValidatorTest""]","[0.011398176291793313, 0.006838905775075988]","[0.19376899696048633, 0.18768996960486323]"
org.mockito.internal.util.MockCreationValidatorTest.should_not_allow_inconsistent_types,0.011398176291793313,0.00911854103343465,0.006838905775075988,0.0182370820668693,0.008548632218844984,0.008828989391050346,0.0022796352583586625,0.19376899696048633,0.19072948328267478,0.18768996960486323,0.38145896656534956,0.19068104481768974,0.19070526251228237,0.0030395136778115506,"[""MockCreationValidator"", ""MockCreationValidatorTest"", ""ArrayList""]","[0.011398176291793313, 0.006838905775075988]","[0.19376899696048633, 0.18768996960486323]"
org.mockito.internal.util.ObjectMethodsGuruTest.shouldKnowHashCodeMethod,0.012113055181695828,0.00908479138627187,0.006056527590847914,0.01816958277254374,0.008075370121130552,0.008565223459863965,0.0030282637954239574,0.12382234185733512,0.12213997308209959,0.12045760430686406,0.24427994616419918,0.12211679995847374,0.12212838597066665,0.001682368775235532,"[""ObjectMethodsGuruTest"", ""ObjectMethodsGuru"", ""Class""]","[0.012113055181695828, 0.006056527590847914]","[0.12045760430686406, 0.12382234185733512]"
org.mockito.internal.util.ObjectMethodsGuruTest.shouldKnowToStringMethod,0.012113055181695828,0.00908479138627187,0.006056527590847914,0.01816958277254374,0.008075370121130552,0.008565223459863965,0.0030282637954239574,0.12382234185733512,0.12213997308209959,0.12045760430686406,0.24427994616419918,0.12211679995847374,0.12212838597066665,0.001682368775235532,"[""ObjectMethodsGuruTest"", ""ObjectMethodsGuru"", ""Class""]","[0.012113055181695828, 0.006056527590847914]","[0.12045760430686406, 0.12382234185733512]"
org.mockito.internal.util.ObjectMethodsGuruTest.shouldKnowEqualsMethod,0.012113055181695828,0.00908479138627187,0.006056527590847914,0.01816958277254374,0.008075370121130552,0.008565223459863965,0.0030282637954239574,0.12382234185733512,0.12213997308209959,0.12045760430686406,0.24427994616419918,0.12211679995847374,0.12212838597066665,0.001682368775235532,"[""ObjectMethodsGuruTest"", ""ObjectMethodsGuru"", ""Class""]","[0.012113055181695828, 0.006056527590847914]","[0.12045760430686406, 0.12382234185733512]"
org.mockito.internal.util.ObjectMethodsGuruTest.shouldKnowCompareToMethod,0.012113055181695828,0.00908479138627187,0.006056527590847914,0.01816958277254374,0.008075370121130552,0.008565223459863965,0.0030282637954239574,0.12382234185733512,0.12213997308209959,0.12045760430686406,0.24427994616419918,0.12211679995847374,0.12212838597066665,0.001682368775235532,"[""ObjectMethodsGuruTest"", ""ObjectMethodsGuru"", ""Class""]","[0.012113055181695828, 0.006056527590847914]","[0.12045760430686406, 0.12382234185733512]"
org.mockito.runners.ConsoleSpammingMockitoJUnitRunnerTest.shouldDelegateToGetDescription,0.009328358208955223,0.009017412935323384,0.008706467661691543,0.018034825870646767,0.009006690684508493,0.009012050215291941,0.00031094527363184025,0.26554726368159204,0.2347636815920398,0.20398009950248755,0.4695273631840796,0.2307271589074495,0.23273666936773083,0.030783582089552244,"[""Object"", ""ConsoleSpammingMockitoJUnitRunnerTest$1"", ""ConsoleSpammingMockitoJUnitRunner"", ""ConsoleSpammingMockitoJUnitRunnerTest"", ""ConsoleSpammingMockitoJUnitRunnerTest$RunnerImplStub"", ""Description""]","[0.009328358208955223, 0.008706467661691543]","[0.26554726368159204, 0.20398009950248755]"
org.mockito.internal.stubbing.defaultanswers.ReturnsEmptyValuesTest.should_return_empty_collections_or_null_for_non_collections,0.011180124223602485,0.009006211180124225,0.0068322981366459624,0.01801242236024845,0.008481473548939815,0.00873990514252813,0.0021739130434782613,0.12298136645962733,0.10807453416149068,0.09316770186335403,0.21614906832298136,0.10601841936174769,0.10704153999760302,0.014906832298136649,"[""SortedMap"", ""ArrayList"", ""SortedSet"", ""Map"", ""TreeSet"", ""ReturnsEmptyValuesTest"", ""List"", ""LinkedHashMap"", ""LinkedList"", ""Collection"", ""HashMap"", ""TreeMap"", ""ReturnsEmptyValues"", ""Set"", ""LinkedHashSet"", ""HashSet""]","[0.011180124223602485, 0.0068322981366459624]","[0.12298136645962733, 0.09316770186335403]"
org.mockito.internal.stubbing.defaultanswers.ReturnsEmptyValuesTest.should_return_primitive,0.011180124223602485,0.009006211180124225,0.0068322981366459624,0.01801242236024845,0.008481473548939815,0.00873990514252813,0.0021739130434782613,0.12298136645962733,0.10807453416149068,0.09316770186335403,0.21614906832298136,0.10601841936174769,0.10704153999760302,0.014906832298136649,"[""Double"", ""Integer"", ""ReturnsEmptyValuesTest"", ""Character"", ""Short"", ""Float"", ""ReturnsEmptyValues"", ""Boolean"", ""Byte"", ""Long""]","[0.011180124223602485, 0.0068322981366459624]","[0.12298136645962733, 0.09316770186335403]"
org.mockitousage.spies.PartialMockingWithSpiesTest.shouldStackTraceGetFilteredOnUserExceptions,0.013112225221750868,0.008977420116928703,0.004842615012106538,0.017954840233857405,0.007073018514666112,0.007968529268376488,0.004134805104822165,0.29039722329348244,0.1833342048670802,0.07627118644067797,0.3666684097341604,0.12081182982592185,0.14882520203135083,0.10706301842640224,"[""StringBuilder"", ""Object"", ""RuntimeException"", ""PartialMockingWithSpiesTest$Name"", ""ExtraMatchers$7"", ""Throwable"", ""PartialMockingWithSpiesTest$InheritMe"", ""StackTraceElement"", ""PartialMockingWithSpiesTest$Person"", ""PartialMockingWithSpiesTest"", ""ExtraMatchers""]","[0.013112225221750868, 0.004842615012106538]","[0.29039722329348244, 0.07627118644067797]"
org.mockito.internal.matchers.LocalizedMatcherTest.shouldNotDescribeWithTypeInfoWhenActualMatcherDoesNotHaveCorrectType,0.012813667912439935,0.008946516495902508,0.005079365079365079,0.017893032991805016,0.0072749317975143975,0.00806754593002285,0.003867151416537428,0.17565403096636412,0.14084288849905507,0.10603174603174603,0.28168577699811015,0.13223886416532085,0.13647308746004824,0.03481114246730904,"[""LocalizedMatcherTest"", ""LocalizedMatcher""]","[0.012813667912439935, 0.005079365079365079]","[0.17565403096636412, 0.10603174603174603]"
org.mockito.internal.matchers.LocalizedMatcherTest.shouldNotMatchTypesWhenActualMatcherDoesNotHaveCorrectType,0.012813667912439935,0.008946516495902508,0.005079365079365079,0.017893032991805016,0.0072749317975143975,0.00806754593002285,0.003867151416537428,0.17565403096636412,0.14084288849905507,0.10603174603174603,0.28168577699811015,0.13223886416532085,0.13647308746004824,0.03481114246730904,"[""LocalizedMatcherTest"", ""Integer"", ""LocalizedMatcher""]","[0.012813667912439935, 0.005079365079365079]","[0.17565403096636412, 0.10603174603174603]"
org.mockitousage.junitrunner.JUnit44RunnerTest.shouldFilterTestMethodsCorrectly,0.00801201802704056,0.005717033222888607,0.0037369207772795215,0.01715109966866582,0.005194592813665627,0.005448468449319512,0.0017594454761580157,0.1398559423769508,0.08928204464744192,0.04035874439461883,0.26784613394232576,0.06922104483238815,0.07908476917554753,0.04063632574931262,"[""Filters"", ""Description"", ""Object"", ""String"", ""JUnit44RunnerTest"", ""Filters$1"", ""Filter"", ""MockitoJUnit44Runner""]","[0.00801201802704056, 0.005402160864345739, 0.0037369207772795215]","[0.08763144717075613, 0.1398559423769508, 0.04035874439461883]"
org.mockito.internal.runners.RunnerFactoryTest.shouldForwardInvocationTargetException,0.006602641056422569,0.005605125943886448,0.004206730769230769,0.016815377831659345,0.005398899185490751,0.005504899433280672,0.0010183729324177231,0.23663663663663664,0.14333374736473475,0.07271634615384616,0.43000124209420426,0.11421387200021899,0.1275689646769991,0.0688158844764559,"[""RunnerProvider"", ""RunnerFactory"", ""Object"", ""RuntimeException"", ""InvocationTargetException"", ""RunnerFactoryTest"", ""RunnerFactoryTest$2""]","[0.006602641056422569, 0.006006006006006006, 0.004206730769230769]","[0.12064825930372149, 0.23663663663663664, 0.07271634615384616]"
org.mockito.internal.progress.TimesTest.shouldNotAllowNegativeNumberOfInvocations,0.007696254489481785,0.005534803543633906,0.001566579634464752,0.016604410630901716,0.0033168332195394456,0.004456635086545675,0.002809691544493638,0.04327666151468315,0.02489772921012404,0.006788511749347258,0.07469318763037212,0.014216729175865844,0.019341310972758784,0.01489744559529391,"[""VerificationModeFactory"", ""MockitoException"", ""TimesTest""]","[0.007696254489481785, 0.007341576506955177, 0.001566579634464752]","[0.024628014366341714, 0.04327666151468315, 0.006788511749347258]"
org.mockitousage.bugs.FinalHashCodeAndEqualsRaiseNPEInInitMocksTest.dont_raise_NullPointerException,0.014163090128755365,0.008092667410181525,0.0020222446916076846,0.01618533482036305,0.003539158645467464,0.00535175053880847,0.006070422718573841,0.12832618025751072,0.06416309012875536,0.0,0.12832618025751072,0.12832618025751072,0.1283261802575107,0.0,"[""FinalHashCodeAndEqualsRaiseNPEInInitMocksTest"", ""MockitoAnnotations""]","[0.014163090128755365, 0.0020222446916076846]","[0.12832618025751072, 0.0]"
org.mockito.internal.configuration.MockInjectionTest.should_not_allow_null_on_mocks,0.010703363914373088,0.008088908234558807,0.005474452554744526,0.016177816469117614,0.00724387719903415,0.007654740879050059,0.002614455679814281,0.31269113149847094,0.1741375365521552,0.035583941605839414,0.3482750731043104,0.0638965221640936,0.1054835672695299,0.13855359494631575,"[""Object"", ""Class"", ""MockInjection$OngoingMockInjection"", ""MockInjectionTest"", ""MockInjection""]","[0.010703363914373088, 0.005474452554744526]","[0.31269113149847094, 0.035583941605839414]"
org.mockito.internal.configuration.MockInjectionTest.should_not_allow_null_on_fields,0.010703363914373088,0.008088908234558807,0.005474452554744526,0.016177816469117614,0.00724387719903415,0.007654740879050059,0.002614455679814281,0.31269113149847094,0.1741375365521552,0.035583941605839414,0.3482750731043104,0.0638965221640936,0.1054835672695299,0.13855359494631575,"[""MockInjectionTest"", ""MockInjection""]","[0.010703363914373088, 0.005474452554744526]","[0.31269113149847094, 0.035583941605839414]"
org.mockito.internal.configuration.MockInjectionTest.should_not_allow_null_on_instance_owning_the_field,0.010703363914373088,0.008088908234558807,0.005474452554744526,0.016177816469117614,0.00724387719903415,0.007654740879050059,0.002614455679814281,0.31269113149847094,0.1741375365521552,0.035583941605839414,0.3482750731043104,0.0638965221640936,0.1054835672695299,0.13855359494631575,"[""Object"", ""Class"", ""MockInjectionTest"", ""MockInjection""]","[0.010703363914373088, 0.005474452554744526]","[0.31269113149847094, 0.035583941605839414]"
org.mockito.internal.configuration.MockInjectionTest.should_not_allow_null_on_field,0.010703363914373088,0.008088908234558807,0.005474452554744526,0.016177816469117614,0.00724387719903415,0.007654740879050059,0.002614455679814281,0.31269113149847094,0.1741375365521552,0.035583941605839414,0.3482750731043104,0.0638965221640936,0.1054835672695299,0.13855359494631575,"[""MockInjectionTest"", ""MockInjection""]","[0.010703363914373088, 0.005474452554744526]","[0.31269113149847094, 0.035583941605839414]"
org.mockitousage.junitrule.RuleTestWithParameterConstructorTest.testInjectMocks,0.016129032258064516,0.016129032258064516,0.016129032258064516,0.016129032258064516,0.016129032258064516,0.016129032258064516,0.0,0.22043010752688172,0.22043010752688172,0.22043010752688172,0.22043010752688172,0.22043010752688175,0.22043010752688172,0.0,"[""RuleTestWithParameterConstructorTest"", ""Object"", ""RuleTestWithParameterConstructorTest$InjectInto""]",[0.016129032258064516],[0.22043010752688172]
org.mockito.internal.util.reflection.GenericMasterTest.should_find_generic_class,0.008863819500402902,0.008058017727639002,0.007252215954875101,0.016116035455278004,0.007977437550362612,0.008017626406983235,0.0008058017727639003,0.2747784045124899,0.257856567284448,0.24093473005640612,0.515713134568896,0.25674607171635777,0.25730072039647833,0.0169218372280419,"[""GenericMaster"", ""Object"", ""GenericMasterTest"", ""Class""]","[0.008863819500402902, 0.007252215954875101]","[0.2747784045124899, 0.24093473005640612]"
org.mockito.internal.util.reflection.GenericMasterTest.should_get_object_for_non_generic,0.008863819500402902,0.008058017727639002,0.007252215954875101,0.016116035455278004,0.007977437550362612,0.008017626406983235,0.0008058017727639003,0.2747784045124899,0.257856567284448,0.24093473005640612,0.515713134568896,0.25674607171635777,0.25730072039647833,0.0169218372280419,"[""GenericMaster"", ""Object"", ""GenericMasterTest"", ""Class""]","[0.008863819500402902, 0.007252215954875101]","[0.2747784045124899, 0.24093473005640612]"
org.mockito.internal.util.reflection.GenericMasterTest.should_deal_with_nested_generics,0.008863819500402902,0.008058017727639002,0.007252215954875101,0.016116035455278004,0.007977437550362612,0.008017626406983235,0.0008058017727639003,0.2747784045124899,0.257856567284448,0.24093473005640612,0.515713134568896,0.25674607171635777,0.25730072039647833,0.0169218372280419,"[""GenericMaster"", ""Object"", ""GenericMasterTest"", ""Class""]","[0.008863819500402902, 0.007252215954875101]","[0.2747784045124899, 0.24093473005640612]"
org.mockito.internal.verification.argumentmatching.ArgumentMatchingToolTest.shouldUseMatchersSafely,0.008201892744479496,0.007888825160118535,0.007575757575757576,0.01577765032023707,0.007876401090578614,0.007882610677595443,0.00031306758436096,0.16792929292929293,0.13853877895676003,0.10914826498422713,0.27707755791352007,0.13230368494139225,0.1353853424978508,0.0293905139725329,"[""ArgumentMatchingToolTest$2"", ""ArgumentMatchingToolTest"", ""Arrays"", ""ClassCastException"", ""BaseMatcher"", ""ArgumentMatchingTool"", ""Integer""]","[0.008201892744479496, 0.007575757575757576]","[0.10914826498422713, 0.16792929292929293]"
org.mockito.internal.matchers.ComparableMatchersTest.testLessThan,0.009205983889528193,0.005247310533982165,0.002306805074971165,0.015741931601946493,0.0038531708385025174,0.004478279002958703,0.0029071367904932458,0.11660912926735711,0.04463672244321362,0.004229142637447136,0.13391016732964087,0.009330383176292345,0.01861120459588542,0.051020055385176614,"[""ComparableMatchersTest"", ""StringBuilder"", ""LessThan"", ""CompareTo""]","[0.009205983889528193, 0.004229142637447136, 0.002306805074971165]","[0.11660912926735711, 0.013071895424836602, 0.004229142637447136]"
org.mockito.internal.matchers.ComparableMatchersTest.testGreaterOrEqual,0.009205983889528193,0.005247310533982165,0.002306805074971165,0.015741931601946493,0.0038531708385025174,0.004478279002958703,0.0029071367904932458,0.11660912926735711,0.04463672244321362,0.004229142637447136,0.13391016732964087,0.009330383176292345,0.01861120459588542,0.051020055385176614,"[""ComparableMatchersTest"", ""StringBuilder"", ""GreaterOrEqual"", ""CompareTo""]","[0.009205983889528193, 0.004229142637447136, 0.002306805074971165]","[0.11660912926735711, 0.013071895424836602, 0.004229142637447136]"
org.mockito.internal.matchers.ComparableMatchersTest.testLessOrEqual,0.009205983889528193,0.005247310533982165,0.002306805074971165,0.015741931601946493,0.0038531708385025174,0.004478279002958703,0.0029071367904932458,0.11660912926735711,0.04463672244321362,0.004229142637447136,0.13391016732964087,0.009330383176292345,0.01861120459588542,0.051020055385176614,"[""ComparableMatchersTest"", ""LessOrEqual"", ""StringBuilder"", ""CompareTo""]","[0.009205983889528193, 0.004229142637447136, 0.002306805074971165]","[0.11660912926735711, 0.013071895424836602, 0.004229142637447136]"
org.mockito.internal.matchers.ComparableMatchersTest.testGreaterThan,0.009205983889528193,0.005247310533982165,0.002306805074971165,0.015741931601946493,0.0038531708385025174,0.004478279002958703,0.0029071367904932458,0.11660912926735711,0.04463672244321362,0.004229142637447136,0.13391016732964087,0.009330383176292345,0.01861120459588542,0.051020055385176614,"[""ComparableMatchersTest"", ""GreaterThan"", ""StringBuilder"", ""CompareTo""]","[0.009205983889528193, 0.004229142637447136, 0.002306805074971165]","[0.11660912926735711, 0.013071895424836602, 0.004229142637447136]"
org.mockito.internal.matchers.ComparableMatchersTest.testCompareEqual,0.009205983889528193,0.005247310533982165,0.002306805074971165,0.015741931601946493,0.0038531708385025174,0.004478279002958703,0.0029071367904932458,0.11660912926735711,0.04463672244321362,0.004229142637447136,0.13391016732964087,0.009330383176292345,0.01861120459588542,0.051020055385176614,"[""ComparableMatchersTest"", ""BigDecimal"", ""CompareEqual"", ""StringBuilder"", ""CompareTo""]","[0.009205983889528193, 0.004229142637447136, 0.002306805074971165]","[0.11660912926735711, 0.013071895424836602, 0.004229142637447136]"
org.mockitousage.annotation.SpyAnnotationTest.should_reset_spy,0.01529051987767584,0.01529051987767584,0.01529051987767584,0.01529051987767584,0.015290519877675839,0.015290519877675842,0.0,0.7836391437308868,0.7836391437308868,0.7836391437308868,0.7836391437308868,0.7836391437308868,0.7836391437308868,0.0,"[""SpyAnnotationTest"", ""List""]",[0.01529051987767584],[0.7836391437308868]
org.mockito.internal.debugging.VerboseMockInvocationLoggerTest.should_print_to_system_out,0.010328638497652582,0.007511737089201878,0.004694835680751174,0.015023474178403756,0.006455399061032864,0.0069635666545499126,0.002816901408450704,0.3305164319248826,0.22112676056338026,0.11173708920187793,0.44225352112676053,0.1670125494652273,0.19217425435441923,0.10938967136150234,"[""VerboseMockInvocationLogger"", ""VerboseMockInvocationLoggerTest""]","[0.010328638497652582, 0.004694835680751174]","[0.3305164319248826, 0.11173708920187793]"
org.mockitousage.stubbing.StubbingWithExtraAnswersTest.shouldScreamWhenNullPassed,0.013428120063191154,0.007503949447077409,0.001579778830963665,0.015007898894154818,0.002826972644882348,0.004605807183922038,0.0059241706161137445,0.1990521327014218,0.09992101105845182,0.0007898894154818325,0.19984202211690363,0.0015735346458610419,0.012539105739642608,0.09913112164296999,"[""ReturnsElementsOf"", ""StubbingWithExtraAnswersTest""]","[0.013428120063191154, 0.001579778830963665]","[0.1990521327014218, 0.0007898894154818325]"
org.mockito.internal.stubbing.defaultanswers.ReturnsMocksTest.should_return_empty_string,0.008695652173913044,0.007453416149068323,0.006211180124223602,0.014906832298136646,0.007246376811594203,0.007349167432421879,0.0012422360248447208,0.16956521739130434,0.13136645962732918,0.09316770186335403,0.26273291925465836,0.12025901942645698,0.1256901015207954,0.038198757763975154,"[""ReturnsMocks"", ""ReturnsMocksTest""]","[0.008695652173913044, 0.006211180124223602]","[0.09316770186335403, 0.16956521739130434]"
org.mockito.internal.stubbing.defaultanswers.ReturnsMocksTest.should_return_null_for_final_class,0.008695652173913044,0.007453416149068323,0.006211180124223602,0.014906832298136646,0.007246376811594203,0.007349167432421879,0.0012422360248447208,0.16956521739130434,0.13136645962732918,0.09316770186335403,0.26273291925465836,0.12025901942645698,0.1256901015207954,0.038198757763975154,"[""ReturnsMocks"", ""ReturnsMocksTest""]","[0.008695652173913044, 0.006211180124223602]","[0.09316770186335403, 0.16956521739130434]"
org.mockito.internal.stubbing.defaultanswers.ReturnsMocksTest.should_return_empty_array,0.008695652173913044,0.007453416149068323,0.006211180124223602,0.014906832298136646,0.007246376811594203,0.007349167432421879,0.0012422360248447208,0.16956521739130434,0.13136645962732918,0.09316770186335403,0.26273291925465836,0.12025901942645698,0.1256901015207954,0.038198757763975154,"[""ReturnsMocks"", ""ReturnsMocksTest"", ""Object"", ""Class""]","[0.008695652173913044, 0.006211180124223602]","[0.09316770186335403, 0.16956521739130434]"
org.mockito.internal.stubbing.defaultanswers.ReturnsMocksTest.should_return_the_usual_default_values_for_primitives,0.008695652173913044,0.007453416149068323,0.006211180124223602,0.014906832298136646,0.007246376811594203,0.007349167432421879,0.0012422360248447208,0.16956521739130434,0.13136645962732918,0.09316770186335403,0.26273291925465836,0.12025901942645698,0.1256901015207954,0.038198757763975154,"[""Double"", ""Integer"", ""Character"", ""Short"", ""Float"", ""ReturnsMocksTest"", ""ReturnsMocks"", ""Boolean"", ""Byte"", ""Long""]","[0.008695652173913044, 0.006211180124223602]","[0.09316770186335403, 0.16956521739130434]"
org.mockito.internal.invocation.SerializableMethodTest.shouldBeAbleToRetrieveMethodExceptionTypes,0.010496850944716585,0.007346327570260391,0.004195804195804196,0.014692655140520781,0.005995203836930456,0.006636469787211647,0.0031505233744561945,0.10909090909090909,0.07833831668681214,0.04758572428271519,0.15667663337362428,0.06626603865518921,0.07204977391880386,0.03075259240409695,"[""Method"", ""MockitoMethod"", ""SerializableMethodTest""]","[0.010496850944716585, 0.004195804195804196]","[0.04758572428271519, 0.10909090909090909]"
org.mockito.internal.invocation.SerializableMethodTest.shouldBeAbleToGetReturnType,0.010496850944716585,0.007346327570260391,0.004195804195804196,0.014692655140520781,0.005995203836930456,0.006636469787211647,0.0031505233744561945,0.10909090909090909,0.07833831668681214,0.04758572428271519,0.15667663337362428,0.06626603865518921,0.07204977391880386,0.03075259240409695,"[""Method"", ""MockitoMethod"", ""SerializableMethodTest""]","[0.010496850944716585, 0.004195804195804196]","[0.04758572428271519, 0.10909090909090909]"
org.mockito.internal.invocation.SerializableMethodTest.shouldBeAbleToCheckIsArgVargs,0.010496850944716585,0.007346327570260391,0.004195804195804196,0.014692655140520781,0.005995203836930456,0.006636469787211647,0.0031505233744561945,0.10909090909090909,0.07833831668681214,0.04758572428271519,0.15667663337362428,0.06626603865518921,0.07204977391880386,0.03075259240409695,"[""Method"", ""MockitoMethod"", ""SerializableMethodTest""]","[0.010496850944716585, 0.004195804195804196]","[0.04758572428271519, 0.10909090909090909]"
org.mockito.internal.invocation.SerializableMethodTest.shouldBeAbleToGetParameterTypes,0.010496850944716585,0.007346327570260391,0.004195804195804196,0.014692655140520781,0.005995203836930456,0.006636469787211647,0.0031505233744561945,0.10909090909090909,0.07833831668681214,0.04758572428271519,0.15667663337362428,0.06626603865518921,0.07204977391880386,0.03075259240409695,"[""Method"", ""MockitoMethod"", ""SerializableMethodTest""]","[0.010496850944716585, 0.004195804195804196]","[0.04758572428271519, 0.10909090909090909]"
org.mockito.internal.invocation.SerializableMethodTest.shouldBeAbleToRetrieveMethodName,0.010496850944716585,0.007346327570260391,0.004195804195804196,0.014692655140520781,0.005995203836930456,0.006636469787211647,0.0031505233744561945,0.10909090909090909,0.07833831668681214,0.04758572428271519,0.15667663337362428,0.06626603865518921,0.07204977391880386,0.03075259240409695,"[""Method"", ""MockitoMethod"", ""SerializableMethodTest""]","[0.010496850944716585, 0.004195804195804196]","[0.04758572428271519, 0.10909090909090909]"
org.mockito.internal.matchers.MatchersToStringTest.sameToStringWithChar,0.009589566551591868,0.007293822107014696,0.004998077662437524,0.014587644214029392,0.006571232156577298,0.006923106121819119,0.002295744444577172,0.24779439969313388,0.13600792649016555,0.02422145328719723,0.2720158529803311,0.04412934328081467,0.07747219163671779,0.11178647320296832,"[""Same"", ""MatchersToStringTest"", ""Character""]","[0.009589566551591868, 0.004998077662437524]","[0.24779439969313388, 0.02422145328719723]"
org.mockito.internal.matchers.MatchersToStringTest.sameToStringWithString,0.009589566551591868,0.007293822107014696,0.004998077662437524,0.014587644214029392,0.006571232156577298,0.006923106121819119,0.002295744444577172,0.24779439969313388,0.13600792649016555,0.02422145328719723,0.2720158529803311,0.04412934328081467,0.07747219163671779,0.11178647320296832,"[""MatchersToStringTest"", ""Same""]","[0.009589566551591868, 0.004998077662437524]","[0.24779439969313388, 0.02422145328719723]"
org.mockito.internal.matchers.MatchersToStringTest.sameToStringWithObject,0.009589566551591868,0.007293822107014696,0.004998077662437524,0.014587644214029392,0.006571232156577298,0.006923106121819119,0.002295744444577172,0.24779439969313388,0.13600792649016555,0.02422145328719723,0.2720158529803311,0.04412934328081467,0.07747219163671779,0.11178647320296832,"[""MatchersToStringTest$1"", ""Same"", ""Object"", ""MatchersToStringTest""]","[0.009589566551591868, 0.004998077662437524]","[0.24779439969313388, 0.02422145328719723]"
org.mockito.exceptions.base.MockitoAssertionErrorTest.shouldKeepUnfilteredStackTrace,0.007341576506955177,0.007223887345463377,0.007106198183971575,0.014447774690926753,0.007221969992925847,0.007222928605573588,0.00011768916149180108,0.06568778979907264,0.05278072869345657,0.03987366758784051,0.10556145738691314,0.04962442087982913,0.05117824826064451,0.012907061105616065,"[""MockitoAssertionErrorTest"", ""MockitoAssertionError"", ""StackTraceElement""]","[0.007341576506955177, 0.007106198183971575]","[0.06568778979907264, 0.03987366758784051]"
org.mockitoutil.ClassLoadersTest.isolated_class_loader_cannot_load_classes_when_no_given_prefix,0.008547008547008548,0.007122507122507123,0.005698005698005698,0.014245014245014245,0.006837606837606838,0.006978603255792531,0.0014245014245014248,0.5056980056980057,0.3903133903133903,0.27492877492877493,0.7806267806267806,0.3562033397799821,0.37286851997785675,0.11538461538461539,"[""ClassLoadersTest"", ""Arrays"", ""ClassLoaders"", ""ClassNotFoundException"", ""ClassLoaders$IsolatedURLClassLoaderBuilder"", ""URLClassLoader"", ""StringBuilder"", ""String"", ""Object"", ""ArrayList"", ""ClassLoaders$LocalIsolatedURLClassLoader"", ""Class"", ""Iterator"", ""ClassLoader""]","[0.008547008547008548, 0.005698005698005698]","[0.27492877492877493, 0.5056980056980057]"
org.mockitoutil.ClassLoadersTest.excluding_class_loader_can_load_classes_when_correct_source_url_set,0.008547008547008548,0.007122507122507123,0.005698005698005698,0.014245014245014245,0.006837606837606838,0.006978603255792531,0.0014245014245014248,0.5056980056980057,0.3903133903133903,0.27492877492877493,0.7806267806267806,0.3562033397799821,0.37286851997785675,0.11538461538461539,"[""ClassLoadersTest"", ""Arrays"", ""ClassLoaders"", ""ClassNotFoundException"", ""ClassLoaders$ExcludingURLClassLoaderBuilder"", ""URLClassLoader"", ""StringBuilder"", ""String"", ""Object"", ""ArrayList"", ""ClassLoaders$LocalExcludingURLClassLoader"", ""Class"", ""Iterator"", ""ClassLoader""]","[0.008547008547008548, 0.005698005698005698]","[0.27492877492877493, 0.5056980056980057]"
org.mockitoutil.ClassLoadersTest.isolated_class_loader_cannot_load_classes_not_matching_the_prefix,0.008547008547008548,0.007122507122507123,0.005698005698005698,0.014245014245014245,0.006837606837606838,0.006978603255792531,0.0014245014245014248,0.5056980056980057,0.3903133903133903,0.27492877492877493,0.7806267806267806,0.3562033397799821,0.37286851997785675,0.11538461538461539,"[""StringBuilder"", ""String"", ""ClassLoadersTest"", ""Object"", ""ArrayList"", ""Arrays"", ""ClassLoaders"", ""ClassLoaders$LocalIsolatedURLClassLoader"", ""NoClassDefFoundError"", ""Class"", ""ClassNotFoundException"", ""Iterator"", ""ClassLoader"", ""ClassLoaders$IsolatedURLClassLoaderBuilder"", ""URLClassLoader""]","[0.008547008547008548, 0.005698005698005698]","[0.27492877492877493, 0.5056980056980057]"
org.mockitoutil.ClassLoadersTest.return_current_classloader,0.008547008547008548,0.007122507122507123,0.005698005698005698,0.014245014245014245,0.006837606837606838,0.006978603255792531,0.0014245014245014248,0.5056980056980057,0.3903133903133903,0.27492877492877493,0.7806267806267806,0.3562033397799821,0.37286851997785675,0.11538461538461539,"[""Object"", ""ClassLoadersTest"", ""Class"", ""ClassLoaders""]","[0.008547008547008548, 0.005698005698005698]","[0.27492877492877493, 0.5056980056980057]"
org.mockitoutil.ClassLoadersTest.return_bootstrap_classloader,0.008547008547008548,0.007122507122507123,0.005698005698005698,0.014245014245014245,0.006837606837606838,0.006978603255792531,0.0014245014245014248,0.5056980056980057,0.3903133903133903,0.27492877492877493,0.7806267806267806,0.3562033397799821,0.37286851997785675,0.11538461538461539,"[""ClassLoadersTest"", ""Class"", ""ClassLoaders""]","[0.008547008547008548, 0.005698005698005698]","[0.27492877492877493, 0.5056980056980057]"
org.mockitoutil.ClassLoadersTest.excluding_class_loader_cannot_load_classes_when_no_correct_source_url_set,0.008547008547008548,0.007122507122507123,0.005698005698005698,0.014245014245014245,0.006837606837606838,0.006978603255792531,0.0014245014245014248,0.5056980056980057,0.3903133903133903,0.27492877492877493,0.7806267806267806,0.3562033397799821,0.37286851997785675,0.11538461538461539,"[""StringBuilder"", ""Object"", ""ClassLoadersTest"", ""String"", ""ArrayList"", ""Arrays"", ""ClassLoaders"", ""ClassLoaders$LocalExcludingURLClassLoader"", ""Class"", ""ClassNotFoundException"", ""ClassLoaders$ExcludingURLClassLoaderBuilder"", ""Iterator"", ""ClassLoader"", ""URLClassLoader""]","[0.008547008547008548, 0.005698005698005698]","[0.27492877492877493, 0.5056980056980057]"
org.mockitoutil.ClassLoadersTest.isolated_class_loader_has_no_parent,0.008547008547008548,0.007122507122507123,0.005698005698005698,0.014245014245014245,0.006837606837606838,0.006978603255792531,0.0014245014245014248,0.5056980056980057,0.3903133903133903,0.27492877492877493,0.7806267806267806,0.3562033397799821,0.37286851997785675,0.11538461538461539,"[""ClassLoadersTest"", ""Arrays"", ""ClassLoaders"", ""ClassNotFoundException"", ""ClassLoaders$IsolatedURLClassLoaderBuilder"", ""URLClassLoader"", ""StringBuilder"", ""String"", ""Object"", ""ArrayList"", ""ClassLoaders$LocalIsolatedURLClassLoader"", ""Class"", ""Iterator"", ""ClassLoader""]","[0.008547008547008548, 0.005698005698005698]","[0.27492877492877493, 0.5056980056980057]"
org.mockitoutil.ClassLoadersTest.cannot_load_a_class_file_not_in_parent,0.008547008547008548,0.007122507122507123,0.005698005698005698,0.014245014245014245,0.006837606837606838,0.006978603255792531,0.0014245014245014248,0.5056980056980057,0.3903133903133903,0.27492877492877493,0.7806267806267806,0.3562033397799821,0.37286851997785675,0.11538461538461539,"[""ClassLoaders$InMemoryClassLoaderBuilder"", ""ClassLoaders$InMemoryClassLoader$1"", ""ClassLoadersTest"", ""IllegalStateException"", ""Map"", ""ClassLoaders$InMemoryClassLoader"", ""ClassLoaders"", ""HashMap"", ""ClassNotFoundException"", ""ClassLoaders$MemHandler$MemURLConnection"", ""URLConnection"", ""URL"", ""StringBuilder"", ""Object"", ""URLStreamHandler"", ""Class"", ""Set"", ""Iterator"", ""ClassLoader"", ""ByteArrayInputStream"", ""ClassLoaders$MemHandler""]","[0.008547008547008548, 0.005698005698005698]","[0.27492877492877493, 0.5056980056980057]"
org.mockitoutil.ClassLoadersTest.isolated_class_loader_can_load_all_classes_unless_all_classes_mathch_the_prefixes,0.008547008547008548,0.007122507122507123,0.005698005698005698,0.014245014245014245,0.006837606837606838,0.006978603255792531,0.0014245014245014248,0.5056980056980057,0.3903133903133903,0.27492877492877493,0.7806267806267806,0.3562033397799821,0.37286851997785675,0.11538461538461539,"[""StringBuilder"", ""String"", ""ClassLoadersTest"", ""Object"", ""ArrayList"", ""Arrays"", ""ClassLoaders"", ""ClassLoaders$LocalIsolatedURLClassLoader"", ""Class"", ""ClassNotFoundException"", ""Iterator"", ""ClassLoader"", ""ClassLoaders$IsolatedURLClassLoaderBuilder"", ""URLClassLoader""]","[0.008547008547008548, 0.005698005698005698]","[0.27492877492877493, 0.5056980056980057]"
org.mockitoutil.ClassLoadersTest.excluding_class_loader_cannot_load_class_when_excluded_prefix_match_class_to_load,0.008547008547008548,0.007122507122507123,0.005698005698005698,0.014245014245014245,0.006837606837606838,0.006978603255792531,0.0014245014245014248,0.5056980056980057,0.3903133903133903,0.27492877492877493,0.7806267806267806,0.3562033397799821,0.37286851997785675,0.11538461538461539,"[""StringBuilder"", ""String"", ""ClassLoadersTest"", ""Object"", ""ArrayList"", ""Arrays"", ""ClassLoaders"", ""ClassLoaders$LocalExcludingURLClassLoader"", ""Class"", ""ClassNotFoundException"", ""ClassLoaders$ExcludingURLClassLoaderBuilder"", ""Iterator"", ""ClassLoader"", ""URLClassLoader""]","[0.008547008547008548, 0.005698005698005698]","[0.27492877492877493, 0.5056980056980057]"
org.mockitoutil.ClassLoadersTest.isolated_class_loader_cannot_load_classes_if_no_code_source_path,0.008547008547008548,0.007122507122507123,0.005698005698005698,0.014245014245014245,0.006837606837606838,0.006978603255792531,0.0014245014245014248,0.5056980056980057,0.3903133903133903,0.27492877492877493,0.7806267806267806,0.3562033397799821,0.37286851997785675,0.11538461538461539,"[""StringBuilder"", ""String"", ""ClassLoadersTest"", ""Object"", ""ArrayList"", ""Arrays"", ""ClassLoaders"", ""ClassLoaders$LocalIsolatedURLClassLoader"", ""Class"", ""ClassNotFoundException"", ""Iterator"", ""ClassLoader"", ""ClassLoaders$IsolatedURLClassLoaderBuilder"", ""URLClassLoader""]","[0.008547008547008548, 0.005698005698005698]","[0.27492877492877493, 0.5056980056980057]"
org.mockito.internal.util.reflection.FieldsTest.can_get_list_of_InstanceField,0.008064516129032258,0.004705658737916802,0.00202020202020202,0.014116976213750406,0.0034602076124567475,0.004034971563359647,0.002513103607328785,0.09576612903225806,0.06014784946236559,0.0,0.18044354838709675,0.08988105965038745,0.09005125578277133,0.0055443548387096794,"[""Object"", ""FieldsTest$ValuedFields"", ""Fields"", ""InstanceField"", ""Class"", ""FieldsTest"", ""Fields$InstanceFields""]","[0.008064516129032258, 0.004032258064516129, 0.00202020202020202]","[0.0846774193548387, 0.09576612903225806, 0.0]"
org.mockitousage.serialization.AcrossClassLoaderSerializationTest.check_that_mock_can_be_serialized_in_a_classloader_and_deserialized_in_another,0.007662835249042145,0.0070161310003172515,0.006369426751592357,0.014032262000634503,0.006956521739130435,0.006986262794104863,0.0006467042487248941,0.07918263090676884,0.05233016895656914,0.025477707006369428,0.10466033791313828,0.03855122027048034,0.04491538567391077,0.026852461950199708,"[""Constructor"", ""RuntimeException"", ""SimplePerRealmReloadingClassLoader$ReloadClassPredicate"", ""Map"", ""HashMap"", ""SimplePerRealmReloadingClassLoader"", ""Callable"", ""Thread"", ""URLClassLoader"", ""IllegalArgumentException"", ""URL"", ""StringBuilder"", ""Object"", ""String"", ""Class"", ""AcrossClassLoaderSerializationTest"", ""AcrossClassLoaderSerializationTest$1"", ""ClassLoader""]","[0.007662835249042145, 0.006369426751592357]","[0.07918263090676884, 0.025477707006369428]"
org.mockito.internal.util.reflection.LenientCopyToolTest.shouldShallowCopyBasicFinalField,0.00850546780072904,0.0069866342648845685,0.0054678007290400975,0.013973268529769137,0.006656453061440118,0.006819545662406937,0.001518833535844471,0.36816524908869985,0.23754556500607532,0.10692588092345079,0.47509113001215064,0.16572144204504138,0.19840966101531177,0.13061968408262453,"[""Integer"", ""LenientCopyTool"", ""LenientCopyToolTest""]","[0.00850546780072904, 0.0054678007290400975]","[0.36816524908869985, 0.10692588092345079]"
org.mockito.internal.util.reflection.LenientCopyToolTest.shouldCopyValuesOfInheritedFields,0.00850546780072904,0.0069866342648845685,0.0054678007290400975,0.013973268529769137,0.006656453061440118,0.006819545662406937,0.001518833535844471,0.36816524908869985,0.23754556500607532,0.10692588092345079,0.47509113001215064,0.16572144204504138,0.19840966101531177,0.13061968408262453,"[""LenientCopyToolTest$InheritMe"", ""LenientCopyTool"", ""Object"", ""LenientCopyToolTest""]","[0.00850546780072904, 0.0054678007290400975]","[0.36816524908869985, 0.10692588092345079]"
org.mockito.internal.util.reflection.LenientCopyToolTest.shouldBeAbleToCopyFromRealObjectToRealObject,0.00850546780072904,0.0069866342648845685,0.0054678007290400975,0.013973268529769137,0.006656453061440118,0.006819545662406937,0.001518833535844471,0.36816524908869985,0.23754556500607532,0.10692588092345079,0.47509113001215064,0.16572144204504138,0.19840966101531177,0.13061968408262453,"[""Object"", ""LenientCopyToolTest$InheritMe"", ""LenientCopyToolTest$SomeOtherObject"", ""LenientCopyToolTest$SomeObject"", ""LenientCopyTool"", ""LenientCopyToolTest""]","[0.00850546780072904, 0.0054678007290400975]","[0.36816524908869985, 0.10692588092345079]"
org.mockito.internal.util.reflection.LenientCopyToolTest.shouldShallowCopyTransientPrivateFields,0.00850546780072904,0.0069866342648845685,0.0054678007290400975,0.013973268529769137,0.006656453061440118,0.006819545662406937,0.001518833535844471,0.36816524908869985,0.23754556500607532,0.10692588092345079,0.47509113001215064,0.16572144204504138,0.19840966101531177,0.13061968408262453,"[""Object"", ""LenientCopyToolTest$InheritMe"", ""LenientCopyTool"", ""LenientCopyToolTest$SomeObject"", ""LenientCopyToolTest$SomeOtherObject"", ""Integer"", ""LenientCopyToolTest""]","[0.00850546780072904, 0.0054678007290400975]","[0.36816524908869985, 0.10692588092345079]"
org.mockito.internal.util.reflection.LenientCopyToolTest.shouldEnableAndThenDisableAccessibility,0.00850546780072904,0.0069866342648845685,0.0054678007290400975,0.013973268529769137,0.006656453061440118,0.006819545662406937,0.001518833535844471,0.36816524908869985,0.23754556500607532,0.10692588092345079,0.47509113001215064,0.16572144204504138,0.19840966101531177,0.13061968408262453,"[""Field"", ""LenientCopyToolTest"", ""Class"", ""LenientCopyTool""]","[0.00850546780072904, 0.0054678007290400975]","[0.36816524908869985, 0.10692588092345079]"
org.mockito.internal.util.reflection.LenientCopyToolTest.shouldShallowCopyFieldValuesIntoMock,0.00850546780072904,0.0069866342648845685,0.0054678007290400975,0.013973268529769137,0.006656453061440118,0.006819545662406937,0.001518833535844471,0.36816524908869985,0.23754556500607532,0.10692588092345079,0.47509113001215064,0.16572144204504138,0.19840966101531177,0.13061968408262453,"[""Object"", ""LenientCopyToolTest$InheritMe"", ""LenientCopyToolTest$SomeOtherObject"", ""LenientCopyToolTest$SomeObject"", ""LenientCopyTool"", ""Integer"", ""LenientCopyToolTest""]","[0.00850546780072904, 0.0054678007290400975]","[0.36816524908869985, 0.10692588092345079]"
org.mockito.internal.util.reflection.BeanPropertySetterTest.return_false_if_no_setter_was_found,0.007846556233653008,0.006974716652136007,0.006102877070619006,0.013949433304272014,0.006865736704446382,0.006920012147509827,0.0008718395815170009,0.36617262423714037,0.3112467306015693,0.2563208369659983,0.6224934612031386,0.3015539258423509,0.3063619975102979,0.054925893635571044,"[""BeanPropertySetter"", ""Object"", ""BeanPropertySetterTest"", ""File"", ""Class"", ""BeanPropertySetterTest$SomeBeanWithJustAGetter""]","[0.007846556233653008, 0.006102877070619006]","[0.2563208369659983, 0.36617262423714037]"
org.mockito.internal.util.reflection.BeanPropertySetterTest.return_false_if_no_setter_was_found_and_if_reportNoSetterFound_is_false,0.007846556233653008,0.006974716652136007,0.006102877070619006,0.013949433304272014,0.006865736704446382,0.006920012147509827,0.0008718395815170009,0.36617262423714037,0.3112467306015693,0.2563208369659983,0.6224934612031386,0.3015539258423509,0.3063619975102979,0.054925893635571044,"[""BeanPropertySetter"", ""Object"", ""BeanPropertySetterTest$SomeBeanWithNoSetterMatchingFieldType"", ""BeanPropertySetterTest"", ""File"", ""Class""]","[0.007846556233653008, 0.006102877070619006]","[0.2563208369659983, 0.36617262423714037]"
org.mockito.internal.util.reflection.BeanPropertySetterTest.use_the_correct_setter_on_the_target,0.007846556233653008,0.006974716652136007,0.006102877070619006,0.013949433304272014,0.006865736704446382,0.006920012147509827,0.0008718395815170009,0.36617262423714037,0.3112467306015693,0.2563208369659983,0.6224934612031386,0.3015539258423509,0.3063619975102979,0.054925893635571044,"[""BeanPropertySetter"", ""Object"", ""BeanPropertySetterTest"", ""File"", ""Class"", ""BeanPropertySetterTest$SomeBean""]","[0.007846556233653008, 0.006102877070619006]","[0.2563208369659983, 0.36617262423714037]"
org.mockito.internal.util.reflection.BeanPropertySetterTest.use_the_setter_on_the_target_when_field_name_begins_by_at_least_2_caps,0.007846556233653008,0.006974716652136007,0.006102877070619006,0.013949433304272014,0.006865736704446382,0.006920012147509827,0.0008718395815170009,0.36617262423714037,0.3112467306015693,0.2563208369659983,0.6224934612031386,0.3015539258423509,0.3063619975102979,0.054925893635571044,"[""BeanPropertySetter"", ""Object"", ""UUID"", ""BeanPropertySetterTest"", ""BeanPropertySetterTest$BeanWithWeirdFields"", ""Class""]","[0.007846556233653008, 0.006102877070619006]","[0.2563208369659983, 0.36617262423714037]"
org.mockito.internal.util.reflection.WhiteboxTest.shouldGetInternalStateFromHierarchy,0.003942181340341655,0.0034494086727989482,0.0032851511169513796,0.013797634691195793,0.003427983774210135,0.003438354597214538,0.0002845024322550718,0.08541392904073587,0.04221419185282523,0.01576872536136662,0.16885676741130093,0.026706756148973807,0.03324136275830923,0.028207857812356674,"[""DummyParentClassForTests"", ""Object"", ""WhiteboxTest"", ""Whitebox"", ""DummyClassForTests""]","[0.003942181340341655, 0.0032851511169513796, 0.0032851511169513796, 0.0032851511169513796]","[0.049277266754270695, 0.08541392904073587, 0.018396846254927726, 0.01576872536136662]"
org.mockito.internal.util.reflection.WhiteboxTest.shouldSetInternalStateOnHierarchy,0.003942181340341655,0.0034494086727989482,0.0032851511169513796,0.013797634691195793,0.003427983774210135,0.003438354597214538,0.0002845024322550718,0.08541392904073587,0.04221419185282523,0.01576872536136662,0.16885676741130093,0.026706756148973807,0.03324136275830923,0.028207857812356674,"[""DummyParentClassForTests"", ""Object"", ""WhiteboxTest"", ""Whitebox"", ""DummyClassForTests""]","[0.003942181340341655, 0.0032851511169513796, 0.0032851511169513796, 0.0032851511169513796]","[0.049277266754270695, 0.08541392904073587, 0.018396846254927726, 0.01576872536136662]"
org.mockitousage.basicapi.MocksSerializationForAnnotationTest.should_allow_mock_to_be_serializable,0.011083743842364532,0.006812519951677819,0.0025412960609911056,0.013625039903355639,0.004134604341334559,0.005307266204707976,0.004271223890686713,1.185960591133005,0.5955215916274935,0.005082592121982211,1.191043183254987,0.010121805896240978,0.07763861125415614,0.5904389995055114,"[""ByteArrayOutputStream"", ""SimpleSerializationUtil"", ""ObjectInputStream"", ""Class"", ""MocksSerializationForAnnotationTest"", ""ObjectOutputStream"", ""ByteArrayInputStream""]","[0.011083743842364532, 0.0025412960609911056]","[1.185960591133005, 0.005082592121982211]"
org.mockitousage.basicapi.MocksSerializationForAnnotationTest.should_be_serialize_and_have_extra_interfaces,0.011083743842364532,0.006812519951677819,0.0025412960609911056,0.013625039903355639,0.004134604341334559,0.005307266204707976,0.004271223890686713,1.185960591133005,0.5955215916274935,0.005082592121982211,1.191043183254987,0.010121805896240978,0.07763861125415614,0.5904389995055114,"[""ByteArrayOutputStream"", ""SimpleSerializationUtil"", ""ObjectInputStream"", ""Class"", ""MocksSerializationForAnnotationTest"", ""ObjectOutputStream"", ""ByteArrayInputStream""]","[0.011083743842364532, 0.0025412960609911056]","[1.185960591133005, 0.005082592121982211]"
org.mockito.internal.matchers.MatchersToStringTest.containsToString,0.009589566551591868,0.006717120838271905,0.0038446751249519417,0.01343424167654381,0.005488775454196169,0.006071965742655045,0.0028724457133199634,0.24779439969313388,0.13043314755898525,0.013071895424836602,0.2608662951179705,0.024833736977665014,0.05691346483608963,0.11736125213414864,"[""MatchersToStringTest"", ""Contains""]","[0.009589566551591868, 0.0038446751249519417]","[0.24779439969313388, 0.013071895424836602]"
org.mockito.internal.matchers.MatchersToStringTest.findToString,0.009589566551591868,0.006717120838271905,0.0038446751249519417,0.01343424167654381,0.005488775454196169,0.006071965742655045,0.0028724457133199634,0.24779439969313388,0.13081761507148043,0.01384083044982699,0.26163523014296086,0.026217266464423048,0.05856347216968379,0.11697678462165345,"[""MatchersToStringTest"", ""Find""]","[0.009589566551591868, 0.0038446751249519417]","[0.24779439969313388, 0.01384083044982699]"
org.mockito.internal.matchers.MatchersToStringTest.matchesToString,0.009589566551591868,0.006717120838271905,0.0038446751249519417,0.01343424167654381,0.005488775454196169,0.006071965742655045,0.0028724457133199634,0.24779439969313388,0.12870304375275687,0.009611687812379853,0.25740608750551375,0.018505563987141208,0.04880289347473648,0.11909135594037701,"[""MatchersToStringTest"", ""Matches""]","[0.009589566551591868, 0.0038446751249519417]","[0.24779439969313388, 0.009611687812379853]"
org.mockito.internal.matchers.MatchersToStringTest.endsWithToString,0.009589566551591868,0.006717120838271905,0.0038446751249519417,0.01343424167654381,0.005488775454196169,0.006071965742655045,0.0028724457133199634,0.24779439969313388,0.13062538131523282,0.013456362937331795,0.26125076263046565,0.025526519750876518,0.05774436228853056,0.11716901837790104,"[""EndsWith"", ""MatchersToStringTest""]","[0.009589566551591868, 0.0038446751249519417]","[0.24779439969313388, 0.013456362937331795]"
org.mockito.internal.matchers.MatchersToStringTest.startsWithToString,0.009589566551591868,0.006717120838271905,0.0038446751249519417,0.01343424167654381,0.005488775454196169,0.006071965742655045,0.0028724457133199634,0.24779439969313388,0.13043314755898525,0.013071895424836602,0.2608662951179705,0.024833736977665014,0.05691346483608963,0.11736125213414864,"[""MatchersToStringTest"", ""StartsWith""]","[0.009589566551591868, 0.0038446751249519417]","[0.24779439969313388, 0.013071895424836602]"
org.mockito.exceptions.base.MockitoExceptionTest.shouldKeepUnfilteredStackTrace,0.007341576506955177,0.006497928802750609,0.005654281098546042,0.012995857605501218,0.006388395215908544,0.006442929246608743,0.0008436477042045678,0.04327666151468315,0.036783726557018476,0.030290791599353797,0.07356745311403695,0.035637616352574814,0.03620613670439089,0.006492934957664677,"[""MockitoExceptionTest"", ""MockitoException"", ""StackTraceElement""]","[0.007341576506955177, 0.005654281098546042]","[0.04327666151468315, 0.030290791599353797]"
org.mockito.internal.util.collections.IdentitySetTest.shouldWorkEvenIfEqualsTheSame,0.006299212598425197,0.006299212598425197,0.006299212598425197,0.012598425196850394,0.006299212598425197,0.006299212598425198,0.0,0.12125984251968504,0.09291338582677165,0.06456692913385827,0.1858267716535433,0.08426531429334044,0.08848375929373319,0.028346456692913385,"[""IdentitySetTest$Fake"", ""IdentitySetTest"", ""IdentitySet"", ""Object""]","[0.006299212598425197, 0.006299212598425197]","[0.12125984251968504, 0.06456692913385827]"
org.mockito.internal.util.collections.IdentitySetTest.shouldWork,0.006299212598425197,0.006299212598425197,0.006299212598425197,0.012598425196850394,0.006299212598425197,0.006299212598425198,0.0,0.12125984251968504,0.09291338582677165,0.06456692913385827,0.1858267716535433,0.08426531429334044,0.08848375929373319,0.028346456692913385,"[""IdentitySetTest"", ""IdentitySet"", ""Object""]","[0.006299212598425197, 0.006299212598425197]","[0.12125984251968504, 0.06456692913385827]"
org.mockito.internal.progress.HandyReturnValuesTest.should_not_return_null_for_primitives,0.005991285403050109,0.0056411453470277,0.005291005291005291,0.0112822906940554,0.005619412515964241,0.0056302684454172264,0.0003501400560224091,0.1383442265795207,0.13564036725801432,0.13293650793650794,0.27128073451602863,0.13558646844176744,0.1356134151721669,0.00270385932150638,"[""HandyReturnValues"", ""HandyReturnValuesTest""]","[0.005991285403050109, 0.005291005291005291]","[0.1383442265795207, 0.13293650793650794]"
org.mockito.internal.progress.HandyReturnValuesTest.should_return_handy_value_for_instances,0.005991285403050109,0.0056411453470277,0.005291005291005291,0.0112822906940554,0.005619412515964241,0.0056302684454172264,0.0003501400560224091,0.1383442265795207,0.13564036725801432,0.13293650793650794,0.27128073451602863,0.13558646844176744,0.1356134151721669,0.00270385932150638,"[""HandyReturnValues"", ""Double"", ""Object"", ""HandyReturnValuesTest""]","[0.005991285403050109, 0.005291005291005291]","[0.1383442265795207, 0.13293650793650794]"
org.mockito.internal.progress.HandyReturnValuesTest.should_return_null_for_everything_else,0.005991285403050109,0.0056411453470277,0.005291005291005291,0.0112822906940554,0.005619412515964241,0.0056302684454172264,0.0003501400560224091,0.1383442265795207,0.13564036725801432,0.13293650793650794,0.27128073451602863,0.13558646844176744,0.1356134151721669,0.00270385932150638,"[""HandyReturnValues"", ""HandyReturnValuesTest""]","[0.005991285403050109, 0.005291005291005291]","[0.1383442265795207, 0.13293650793650794]"
org.mockito.internal.progress.HandyReturnValuesTest.should_default_values_for_primitive,0.005991285403050109,0.0056411453470277,0.005291005291005291,0.0112822906940554,0.005619412515964241,0.0056302684454172264,0.0003501400560224091,0.1383442265795207,0.13564036725801432,0.13293650793650794,0.27128073451602863,0.13558646844176744,0.1356134151721669,0.00270385932150638,"[""HandyReturnValues"", ""HandyReturnValuesTest""]","[0.005991285403050109, 0.005291005291005291]","[0.1383442265795207, 0.13293650793650794]"
org.mockito.internal.progress.HandyReturnValuesTest.should_not_return_null_for_primitives_wrappers,0.005991285403050109,0.0056411453470277,0.005291005291005291,0.0112822906940554,0.005619412515964241,0.0056302684454172264,0.0003501400560224091,0.1383442265795207,0.13564036725801432,0.13293650793650794,0.27128073451602863,0.13558646844176744,0.1356134151721669,0.00270385932150638,"[""HandyReturnValues"", ""HandyReturnValuesTest""]","[0.005991285403050109, 0.005291005291005291]","[0.1383442265795207, 0.13293650793650794]"
org.mockito.internal.reporting.PluralizerTest.shouldGetPluralizedNumber,0.006285714285714286,0.005595340282035561,0.004904966278356836,0.011190680564071121,0.005510159356313202,0.005552586479003673,0.000690374003678725,0.044571428571428574,0.042518700183936234,0.0404659717964439,0.08503740036787247,0.042419598052060414,0.04246912021102677,0.002052728387492337,"[""PluralizerTest"", ""Pluralizer""]","[0.006285714285714286, 0.004904966278356836]","[0.044571428571428574, 0.0404659717964439]"
org.mockito.internal.invocation.SerializableMethodTest.shouldBeEqualForTwoInstances,0.0069881201956673656,0.005591962195735781,0.004195804195804196,0.011183924391471561,0.005243380232456523,0.005414866945527392,0.0013961579999315849,0.20964360587002095,0.159367257480465,0.10909090909090909,0.31873451496093,0.1435063381966037,0.15122900366482891,0.050276348389555935,"[""SerializableMethodTest"", ""SerializableMethod""]","[0.0069881201956673656, 0.004195804195804196]","[0.20964360587002095, 0.10909090909090909]"
org.mockito.internal.invocation.SerializableMethodTest.shouldNotBeEqualForSameMethodFromTwoDifferentClasses,0.0069881201956673656,0.005591962195735781,0.004195804195804196,0.011183924391471561,0.005243380232456523,0.005414866945527392,0.0013961579999315849,0.20964360587002095,0.159367257480465,0.10909090909090909,0.31873451496093,0.1435063381966037,0.15122900366482891,0.050276348389555935,"[""SerializableMethod"", ""Class"", ""SerializableMethodTest""]","[0.0069881201956673656, 0.004195804195804196]","[0.20964360587002095, 0.10909090909090909]"
org.mockito.internal.progress.AtLeastTest.shouldAllowZeroInvocations,0.007696254489481785,0.005519250239393299,0.0033422459893048127,0.011038500478786599,0.004660556159701725,0.005071762583179507,0.002177004250088486,0.04344919786096257,0.03403860611365214,0.024628014366341714,0.06807721222730428,0.03143687686719431,0.032711885747015716,0.009410591747310426,"[""AtLeastTest"", ""VerificationModeFactory""]","[0.007696254489481785, 0.0033422459893048127]","[0.024628014366341714, 0.04344919786096257]"
org.mockito.internal.stubbing.answers.ReturnsArgumentAtTest.should_raise_an_exception_if_index_is_not_in_allowed_range_at_creation_time,0.0064516129032258064,0.005376344086021506,0.004301075268817204,0.010752688172043012,0.005161290322580645,0.005267719876953072,0.001075268817204301,0.1870967741935484,0.1510752688172043,0.11505376344086021,0.3021505376344086,0.1424865113075422,0.14671805614379083,0.03602150537634409,"[""Exception"", ""ReturnsArgumentAtTest"", ""ReturnsArgumentAt""]","[0.0064516129032258064, 0.004301075268817204]","[0.1870967741935484, 0.11505376344086021]"
org.mockitousage.internal.debugging.LocationImplTest.shouldLocationNotContainGetStackTraceMethod,0.00625,0.0052640374331550804,0.0042780748663101605,0.010528074866310161,0.005079365079365079,0.005170876899950192,0.00098596256684492,0.09583333333333334,0.09069741532976827,0.0855614973262032,0.18139483065953654,0.09040658395774474,0.09055188288357753,0.005135918003565068,"[""LocationImpl"", ""LocationImplTest""]","[0.00625, 0.0042780748663101605]","[0.09583333333333334, 0.0855614973262032]"
org.mockito.internal.util.reflection.FieldsTest.fields_should_return_all_declared_fields_in_hierarchy,0.008064516129032258,0.005042359074617139,0.00202020202020202,0.010084718149234277,0.0032310177705977385,0.004036328997470692,0.003022157054415119,0.0846774193548387,0.04233870967741935,0.0,0.0846774193548387,0.0846774193548387,0.08467741935483869,0.0,"[""FieldsTest$HierarchyOfClasses"", ""Object"", ""FieldsTest"", ""Fields$InstanceFields"", ""FieldsTest$ParentClass"", ""Fields""]","[0.008064516129032258, 0.00202020202020202]","[0.0846774193548387, 0.0]"
org.mockito.internal.util.reflection.FieldsTest.fields_should_return_declared_fields,0.008064516129032258,0.005042359074617139,0.00202020202020202,0.010084718149234277,0.0032310177705977385,0.004036328997470692,0.003022157054415119,0.0846774193548387,0.04233870967741935,0.0,0.0846774193548387,0.0846774193548387,0.08467741935483869,0.0,"[""FieldsTest$HierarchyOfClasses"", ""Object"", ""FieldsTest"", ""Fields$InstanceFields"", ""FieldsTest$ParentClass"", ""Fields""]","[0.008064516129032258, 0.00202020202020202]","[0.0846774193548387, 0.0]"
org.mockito.internal.util.reflection.FieldsTest.can_get_values_of_instance_fields,0.008064516129032258,0.005042359074617139,0.00202020202020202,0.010084718149234277,0.0032310177705977385,0.004036328997470692,0.003022157054415119,0.0846774193548387,0.04233870967741935,0.0,0.0846774193548387,0.0846774193548387,0.08467741935483869,0.0,"[""Object"", ""FieldsTest"", ""Fields$InstanceFields"", ""FieldsTest$ValuedFields"", ""Fields""]","[0.008064516129032258, 0.00202020202020202]","[0.0846774193548387, 0.0]"
org.mockito.internal.util.reflection.FieldsTest.can_filter_not_null_fields,0.008064516129032258,0.005042359074617139,0.00202020202020202,0.010084718149234277,0.0032310177705977385,0.004036328997470692,0.003022157054415119,0.0846774193548387,0.04233870967741935,0.0,0.0846774193548387,0.0846774193548387,0.08467741935483869,0.0,"[""FieldsTest$NullOrNotNullFields"", ""Object"", ""FieldsTest"", ""Fields$InstanceFields"", ""Fields""]","[0.008064516129032258, 0.00202020202020202]","[0.0846774193548387, 0.0]"
org.mockitousage.junitrunner.VerboseMockitoRunnerTest.shouldNotContainWarnings,0.006151480199923107,0.004972553453527562,0.0037936267071320183,0.009945106907055124,0.00469304549320975,0.004830778361177639,0.0011789267463955442,0.16160849772382396,0.1123305848865179,0.06305267204921185,0.2246611697730358,0.09071302902624762,0.10094477503737412,0.04927791283730606,"[""Result"", ""Throwable"", ""Failure"", ""VerboseMockitoRunnerTest"", ""JUnitCore"", ""List""]","[0.006151480199923107, 0.0037936267071320183]","[0.06305267204921185, 0.16160849772382396]"
org.mockito.internal.matchers.CapturingMatcherTest.should_know_last_captured_value,0.0059417706476530005,0.004948472667267502,0.003955174686882004,0.009896945334535005,0.004749089757796423,0.0048477562707767855,0.0009932979803854982,0.0873440285204991,0.0871789358159516,0.08701384311140409,0.1743578716319032,0.08717862317619705,0.08717877949593418,0.00016509270454750924,"[""CapturingMatcherTest"", ""CapturingMatcher""]","[0.0059417706476530005, 0.003955174686882004]","[0.0873440285204991, 0.08701384311140409]"
org.mockito.internal.matchers.CapturingMatcherTest.should_capture_arguments,0.0059417706476530005,0.004948472667267502,0.003955174686882004,0.009896945334535005,0.004749089757796423,0.0048477562707767855,0.0009932979803854982,0.0873440285204991,0.0871789358159516,0.08701384311140409,0.1743578716319032,0.08717862317619705,0.08717877949593418,0.00016509270454750924,"[""CapturingMatcherTest"", ""CapturingMatcher""]","[0.0059417706476530005, 0.003955174686882004]","[0.0873440285204991, 0.08701384311140409]"
org.mockito.internal.matchers.CapturingMatcherTest.should_scream_when_nothing_yet_captured,0.0059417706476530005,0.004948472667267502,0.003955174686882004,0.009896945334535005,0.004749089757796423,0.0048477562707767855,0.0009932979803854982,0.0873440285204991,0.0871789358159516,0.08701384311140409,0.1743578716319032,0.08717862317619705,0.08717877949593418,0.00016509270454750924,"[""CapturingMatcherTest"", ""CapturingMatcher""]","[0.0059417706476530005, 0.003955174686882004]","[0.0873440285204991, 0.08701384311140409]"
org.mockito.internal.matchers.EqualityTest.shouldKnowIfObjectsAreEqual,0.004933051444679351,0.004933051444679351,0.004933051444679351,0.009866102889358703,0.004933051444679351,0.004933051444679352,0.0,0.07822410147991543,0.07293868921775898,0.06765327695560254,0.14587737843551796,0.07255568832919693,0.07274693671917654,0.005285412262156446,"[""Double"", ""Object"", ""RuntimeException"", ""EqualityTest$BadEquals"", ""Equality"", ""Integer"", ""EqualityTest""]","[0.004933051444679351, 0.004933051444679351]","[0.06765327695560254, 0.07822410147991543]"
org.mockito.internal.util.junit.JUnitFailureHackerTest.shouldNotAppendWhenNullWarnings,0.005303030303030303,0.004924242424242425,0.004545454545454545,0.00984848484848485,0.0048951048951048955,0.004909652044248378,0.00037878787878787906,0.14924242424242423,0.10303030303030303,0.056818181818181816,0.20606060606060606,0.08230280748663102,0.09208519531169103,0.04621212121212121,"[""Failure"", ""RuntimeException"", ""JUnitFailureHackerTest"", ""JUnitFailureHacker""]","[0.005303030303030303, 0.004545454545454545]","[0.056818181818181816, 0.14924242424242423]"
org.mockito.internal.util.junit.JUnitFailureHackerTest.shouldReplaceException,0.005303030303030303,0.004924242424242425,0.004545454545454545,0.00984848484848485,0.0048951048951048955,0.004909652044248378,0.00037878787878787906,0.14924242424242423,0.10303030303030303,0.056818181818181816,0.20606060606060606,0.08230280748663102,0.09208519531169103,0.04621212121212121,"[""Object"", ""RuntimeException"", ""Throwable"", ""Failure"", ""JUnitFailureHackerTest"", ""JUnitFailureHacker""]","[0.005303030303030303, 0.004545454545454545]","[0.056818181818181816, 0.14924242424242423]"
org.mockito.internal.util.junit.JUnitFailureHackerTest.shouldNotAppendWhenNoWarnings,0.005303030303030303,0.004924242424242425,0.004545454545454545,0.00984848484848485,0.0048951048951048955,0.004909652044248378,0.00037878787878787906,0.14924242424242423,0.10303030303030303,0.056818181818181816,0.20606060606060606,0.08230280748663102,0.09208519531169103,0.04621212121212121,"[""Failure"", ""RuntimeException"", ""JUnitFailureHackerTest"", ""JUnitFailureHacker""]","[0.005303030303030303, 0.004545454545454545]","[0.056818181818181816, 0.14924242424242423]"
org.mockito.internal.util.junit.JUnitFailureHackerTest.shouldAppendWarning,0.005303030303030303,0.004924242424242425,0.004545454545454545,0.00984848484848485,0.0048951048951048955,0.004909652044248378,0.00037878787878787906,0.14924242424242423,0.10303030303030303,0.056818181818181816,0.20606060606060606,0.08230280748663102,0.09208519531169103,0.04621212121212121,"[""RuntimeException"", ""Throwable"", ""Failure"", ""JUnitFailureHackerTest"", ""JUnitFailureHacker""]","[0.005303030303030303, 0.004545454545454545]","[0.056818181818181816, 0.14924242424242423]"
org.mockito.internal.util.junit.JUnitFailureHackerTest.shouldPrintTheWarningSoICanSeeIt,0.005303030303030303,0.004924242424242425,0.004545454545454545,0.00984848484848485,0.0048951048951048955,0.004909652044248378,0.00037878787878787906,0.14924242424242423,0.10303030303030303,0.056818181818181816,0.20606060606060606,0.08230280748663102,0.09208519531169103,0.04621212121212121,"[""RuntimeException"", ""PrintStream"", ""Failure"", ""JUnitFailureHackerTest"", ""JUnitFailureHacker""]","[0.005303030303030303, 0.004545454545454545]","[0.056818181818181816, 0.14924242424242423]"
org.mockitousage.bugs.EqualsWithDeltaTest.testEqualsWithDelta_NullExpected,0.006151480199923107,0.004811851211072664,0.003472222222222222,0.009623702422145329,0.004438895824663615,0.004621612948931684,0.0013396289888504423,0.041666666666666664,0.03294405997693195,0.02422145328719723,0.0658881199538639,0.03063457330415755,0.03176833675690128,0.008722606689734716,"[""EqualsWithDeltaTest"", ""Double"", ""Matcher"", ""EqualsWithDelta""]","[0.006151480199923107, 0.003472222222222222]","[0.02422145328719723, 0.041666666666666664]"
org.mockitousage.bugs.EqualsWithDeltaTest.testEqualsWithDelta_NullActual,0.006151480199923107,0.004811851211072664,0.003472222222222222,0.009623702422145329,0.004438895824663615,0.004621612948931684,0.0013396289888504423,0.041666666666666664,0.03294405997693195,0.02422145328719723,0.0658881199538639,0.03063457330415755,0.03176833675690128,0.008722606689734716,"[""EqualsWithDeltaTest"", ""Double"", ""Matcher"", ""EqualsWithDelta""]","[0.006151480199923107, 0.003472222222222222]","[0.02422145328719723, 0.041666666666666664]"
org.mockitousage.bugs.EqualsWithDeltaTest.testEqualsWithDelta_WhenActualAndExpectedAreTheSameObject,0.006151480199923107,0.004811851211072664,0.003472222222222222,0.009623702422145329,0.004438895824663615,0.004621612948931684,0.0013396289888504423,0.041666666666666664,0.03294405997693195,0.02422145328719723,0.0658881199538639,0.03063457330415755,0.03176833675690128,0.008722606689734716,"[""EqualsWithDeltaTest"", ""Double"", ""Matcher"", ""EqualsWithDelta""]","[0.006151480199923107, 0.003472222222222222]","[0.02422145328719723, 0.041666666666666664]"
org.mockitousage.bugs.EqualsWithDeltaTest.testEqualsWithDelta_NullActualAndExpected,0.006151480199923107,0.004811851211072664,0.003472222222222222,0.009623702422145329,0.004438895824663615,0.004621612948931684,0.0013396289888504423,0.041666666666666664,0.03294405997693195,0.02422145328719723,0.0658881199538639,0.03063457330415755,0.03176833675690128,0.008722606689734716,"[""EqualsWithDeltaTest"", ""Double"", ""Matcher"", ""EqualsWithDelta""]","[0.006151480199923107, 0.003472222222222222]","[0.02422145328719723, 0.041666666666666664]"
org.mockito.internal.matchers.MatchersToStringTest.nullToString,0.009589566551591868,0.009589566551591868,0.009589566551591868,0.009589566551591868,0.009589566551591868,0.009589566551591867,0.0,0.24779439969313388,0.24779439969313388,0.24779439969313388,0.24779439969313388,0.24779439969313388,0.24779439969313385,0.0,"[""MatchersToStringTest""]",[0.009589566551591868],[0.24779439969313388]
org.mockito.internal.matchers.MatchersToStringTest.notNullToString,0.009589566551591868,0.009589566551591868,0.009589566551591868,0.009589566551591868,0.009589566551591868,0.009589566551591867,0.0,0.24779439969313388,0.24779439969313388,0.24779439969313388,0.24779439969313388,0.24779439969313388,0.24779439969313385,0.0,"[""MatchersToStringTest""]",[0.009589566551591868],[0.24779439969313388]
org.mockito.internal.matchers.MatchersToStringTest.anyToString,0.009589566551591868,0.009589566551591868,0.009589566551591868,0.009589566551591868,0.009589566551591868,0.009589566551591867,0.0,0.24779439969313388,0.24779439969313388,0.24779439969313388,0.24779439969313388,0.24779439969313388,0.24779439969313385,0.0,"[""MatchersToStringTest""]",[0.009589566551591868],[0.24779439969313388]
org.mockito.internal.creation.DelegatingMethodTest.equals_should_return_false_when_not_equal_to_method,0.006997900629811057,0.004605145005171015,0.0022123893805309734,0.00921029001034203,0.0033619095646327114,0.0039347275686386456,0.002392755624640042,0.1490552834149755,0.07452764170748775,0.0,0.1490552834149755,0.1490552834149755,0.14905528341497554,0.0,"[""DelegatingMethod"", ""DelegatingMethodTest""]","[0.006997900629811057, 0.0022123893805309734]","[0.1490552834149755, 0.0]"
org.mockito.internal.creation.DelegatingMethodTest.equals_should_return_true_when_equal,0.006997900629811057,0.004605145005171015,0.0022123893805309734,0.00921029001034203,0.0033619095646327114,0.0039347275686386456,0.002392755624640042,0.1490552834149755,0.07452764170748775,0.0,0.1490552834149755,0.1490552834149755,0.14905528341497554,0.0,"[""DelegatingMethod"", ""DelegatingMethodTest""]","[0.006997900629811057, 0.0022123893805309734]","[0.1490552834149755, 0.0]"
org.mockito.internal.creation.DelegatingMethodTest.equals_should_return_false_when_not_equal,0.006997900629811057,0.004605145005171015,0.0022123893805309734,0.00921029001034203,0.0033619095646327114,0.0039347275686386456,0.002392755624640042,0.1490552834149755,0.07452764170748775,0.0,0.1490552834149755,0.1490552834149755,0.14905528341497554,0.0,"[""DelegatingMethod"", ""DelegatingMethodTest""]","[0.006997900629811057, 0.0022123893805309734]","[0.1490552834149755, 0.0]"
org.mockito.internal.creation.DelegatingMethodTest.equals_should_return_true_when_self,0.006997900629811057,0.004605145005171015,0.0022123893805309734,0.00921029001034203,0.0033619095646327114,0.0039347275686386456,0.002392755624640042,0.1490552834149755,0.07452764170748775,0.0,0.1490552834149755,0.1490552834149755,0.14905528341497554,0.0,"[""DelegatingMethod"", ""DelegatingMethodTest""]","[0.006997900629811057, 0.0022123893805309734]","[0.1490552834149755, 0.0]"
org.mockito.internal.creation.DelegatingMethodTest.equals_should_return_true_when_equal_to_method,0.006997900629811057,0.004605145005171015,0.0022123893805309734,0.00921029001034203,0.0033619095646327114,0.0039347275686386456,0.002392755624640042,0.1490552834149755,0.07452764170748775,0.0,0.1490552834149755,0.1490552834149755,0.14905528341497554,0.0,"[""DelegatingMethod"", ""DelegatingMethodTest""]","[0.006997900629811057, 0.0022123893805309734]","[0.1490552834149755, 0.0]"
org.mockitousage.bugs.MockitoRunnerBreaksWhenNoTestMethodsTest.ensure_the_test_runner_breaks,0.006151480199923107,0.004387215509797619,0.002622950819672131,0.008774431019595238,0.0036777381910125273,0.004016843292012423,0.0017642646901254878,0.06305267204921185,0.0430017458606715,0.022950819672131147,0.086003491721343,0.033652366365221974,0.038040905694363865,0.02005092618854035,"[""MockitoRunnerBreaksWhenNoTestMethodsTest"", ""TextListener"", ""JUnitCore"", ""Result""]","[0.006151480199923107, 0.002622950819672131]","[0.06305267204921185, 0.022950819672131147]"
org.mockito.internal.stubbing.defaultanswers.ReturnsMoreEmptyValuesTest.shouldReturnEmptyString,0.004968944099378882,0.004347826086956522,0.0037267080745341614,0.008695652173913044,0.004259094942324756,0.004303231820046898,0.0006211180124223604,0.052795031055900624,0.049689440993788817,0.046583850931677016,0.09937888198757763,0.04949534161490683,0.04959229634369971,0.0031055900621118036,"[""ReturnsMoreEmptyValuesTest"", ""ReturnsMoreEmptyValues""]","[0.004968944099378882, 0.0037267080745341614]","[0.052795031055900624, 0.046583850931677016]"
org.mockito.internal.stubbing.defaultanswers.ReturnsMoreEmptyValuesTest.shouldReturnEmptyArray,0.004968944099378882,0.004347826086956522,0.0037267080745341614,0.008695652173913044,0.004259094942324756,0.004303231820046898,0.0006211180124223604,0.052795031055900624,0.049689440993788817,0.046583850931677016,0.09937888198757763,0.04949534161490683,0.04959229634369971,0.0031055900621118036,"[""ReturnsMoreEmptyValuesTest"", ""Object"", ""ReturnsMoreEmptyValues"", ""Class""]","[0.004968944099378882, 0.0037267080745341614]","[0.052795031055900624, 0.046583850931677016]"
org.mockito.internal.util.MockNameImplTest.shouldProvideTheNameForClass,0.005405405405405406,0.004324324324324324,0.003243243243243243,0.008648648648648649,0.004054054054054053,0.004187009022926939,0.0010810810810810813,0.11027027027027027,0.09297297297297297,0.07567567567567568,0.18594594594594593,0.08975487115021999,0.09134975210498428,0.017297297297297294,"[""MockNameImpl"", ""MockNameImplTest""]","[0.005405405405405406, 0.003243243243243243]","[0.11027027027027027, 0.07567567567567568]"
org.mockito.internal.util.MockNameImplTest.shouldProvideTheGivenName,0.005405405405405406,0.004324324324324324,0.003243243243243243,0.008648648648648649,0.004054054054054053,0.004187009022926939,0.0010810810810810813,0.11027027027027027,0.09297297297297297,0.07567567567567568,0.18594594594594593,0.08975487115021999,0.09134975210498428,0.017297297297297294,"[""MockNameImpl"", ""MockNameImplTest""]","[0.005405405405405406, 0.003243243243243243]","[0.11027027027027027, 0.07567567567567568]"
org.mockito.internal.util.MockNameImplTest.shouldProvideTheNameForAnonymousClass,0.005405405405405406,0.004324324324324324,0.003243243243243243,0.008648648648648649,0.004054054054054053,0.004187009022926939,0.0010810810810810813,0.11027027027027027,0.09297297297297297,0.07567567567567568,0.18594594594594593,0.08975487115021999,0.09134975210498428,0.017297297297297294,"[""Object"", ""MockNameImplTest$1"", ""MockNameImplTest$SomeInterface"", ""MockNameImpl"", ""MockNameImplTest""]","[0.005405405405405406, 0.003243243243243243]","[0.11027027027027027, 0.07567567567567568]"
org.mockito.internal.runners.util.RunnerProviderTest.shouldKnowAboutJUnit45,0.004206730769230769,0.004206730769230769,0.004206730769230769,0.008413461538461538,0.004206730769230769,0.004206730769230769,0.0,0.07271634615384616,0.05859375,0.04447115384615385,0.1171875,0.055189842209072984,0.0568663328951135,0.014122596153846156,"[""RunnerProvider"", ""RunnerProviderTest""]","[0.004206730769230769, 0.004206730769230769]","[0.04447115384615385, 0.07271634615384616]"
org.mockito.internal.runners.util.RunnerProviderTest.shouldCreateRunnerInstance,0.004206730769230769,0.004206730769230769,0.004206730769230769,0.008413461538461538,0.004206730769230769,0.004206730769230769,0.0,0.07271634615384616,0.05859375,0.04447115384615385,0.1171875,0.055189842209072984,0.0568663328951135,0.014122596153846156,"[""Object"", ""RunnerProvider"", ""RunnerProviderTest""]","[0.004206730769230769, 0.004206730769230769]","[0.04447115384615385, 0.07271634615384616]"
org.mockito.internal.util.collections.ListUtilTest.shouldReturnEmptyIfEmptyListGiven,0.0041841004184100415,0.0039788426620352094,0.0037735849056603774,0.007957685324070419,0.003968253968253968,0.003973544788055044,0.00020525775637483205,0.02384937238493724,0.023455084515319774,0.023060796645702306,0.04691016903063955,0.02344845640344808,0.023451770225223212,0.0003942878696174667,"[""ListUtilTest"", ""ListUtil"", ""LinkedList"", ""List""]","[0.0041841004184100415, 0.0037735849056603774]","[0.02384937238493724, 0.023060796645702306]"
org.mockitousage.spies.SpyingOnRealObjectsTest.shouldToString,0.007839294463498285,0.007839294463498285,0.007839294463498285,0.007839294463498285,0.007839294463498285,0.007839294463498287,0.0,0.13424791768740812,0.13424791768740812,0.13424791768740812,0.13424791768740812,0.13424791768740812,0.13424791768740815,0.0,"[""SpyingOnRealObjectsTest"", ""Object"", ""List""]",[0.007839294463498285],[0.13424791768740812]
org.mockito.internal.util.reflection.FieldReaderTest.shouldKnowWhenNull,0.004651162790697674,0.003875968992248062,0.0031007751937984496,0.007751937984496124,0.0037209302325581397,0.003797658515942911,0.0007751937984496124,0.06511627906976744,0.05813953488372093,0.05116279069767442,0.11627906976744186,0.05730232558139534,0.05771941230693422,0.0069767441860465115,"[""FieldReaderTest"", ""Object"", ""Class"", ""FieldReaderTest$Foo"", ""FieldReader""]","[0.004651162790697674, 0.0031007751937984496]","[0.06511627906976744, 0.05116279069767442]"
org.mockito.internal.util.reflection.FieldReaderTest.shouldKnowWhenNotNull,0.004651162790697674,0.003875968992248062,0.0031007751937984496,0.007751937984496124,0.0037209302325581397,0.003797658515942911,0.0007751937984496124,0.06511627906976744,0.05813953488372093,0.05116279069767442,0.11627906976744186,0.05730232558139534,0.05771941230693422,0.0069767441860465115,"[""FieldReaderTest"", ""Object"", ""Class"", ""FieldReaderTest$Foo"", ""FieldReader""]","[0.004651162790697674, 0.0031007751937984496]","[0.06511627906976744, 0.05116279069767442]"
org.mockito.internal.runners.util.TestMethodsFinderTest.shouldKnowWhenClassHasTests,0.0040844111640571815,0.003744043567052416,0.0034036759700476512,0.007488087134104832,0.003713101058233802,0.003728540214466752,0.0003403675970047651,0.04901293396868618,0.04084411164057182,0.03267528931245745,0.08168822328114364,0.039210347174948944,0.04001889300666867,0.008168822328114365,"[""TestMethodsFinderTest"", ""TestMethodsFinder""]","[0.0040844111640571815, 0.0034036759700476512]","[0.04901293396868618, 0.03267528931245745]"
org.mockito.internal.util.reflection.AccessibilityChangerTest.should_enable_and_safely_disable,0.0054678007290400975,0.0036513315571805992,0.001834862385321101,0.0073026631143611985,0.002747672111128072,0.0031674377481091818,0.0018164691718594982,0.07290400972053462,0.03874558284191869,0.0045871559633027525,0.07749116568383738,0.008631230669639646,0.01828721036512219,0.034158426878615936,"[""Object"", ""Class"", ""AccessibilityChangerTest"", ""AccessibilityChanger""]","[0.0054678007290400975, 0.001834862385321101]","[0.07290400972053462, 0.0045871559633027525]"
org.mockitousage.bugs.InjectionByTypeShouldFirstLookForExactTypeThenAncestorTest.just_for_information_fields_are_read_in_declaration_order_see_Service,0.0071174377224199285,0.0071174377224199285,0.0071174377224199285,0.0071174377224199285,0.0071174377224199285,0.007117437722419926,0.0,0.18238434163701067,0.18238434163701067,0.18238434163701067,0.18238434163701067,0.18238434163701067,0.18238434163701067,0.0,"[""Field"", ""InjectionByTypeShouldFirstLookForExactTypeThenAncestorTest"", ""Class""]",[0.0071174377224199285],[0.18238434163701067]
org.mockito.internal.util.SimpleMockitoLoggerTest.shouldLog,0.003779289493575208,0.0034013605442176874,0.0030234315948601664,0.006802721088435375,0.0033593684387335184,0.0033802992857139657,0.0003779289493575208,0.03476946334089191,0.03250188964474679,0.030234315948601664,0.06500377928949358,0.032343686828736666,0.03242269174531704,0.0022675736961451243,"[""SimpleMockitoLoggerTest"", ""SimpleMockitoLogger""]","[0.003779289493575208, 0.0030234315948601664]","[0.03476946334089191, 0.030234315948601664]"
org.mockitousage.junitrunner.JUnit45RunnerTest.shouldInjectMocksUsingRunner,0.006493506493506494,0.006493506493506494,0.006493506493506494,0.006493506493506494,0.006493506493506494,0.006493506493506491,0.0,0.1068931068931069,0.1068931068931069,0.1068931068931069,0.1068931068931069,0.1068931068931069,0.10689310689310691,0.0,"[""Object"", ""JUnit45RunnerTest"", ""JUnit45RunnerTest$ListDependent""]",[0.006493506493506494],[0.1068931068931069]
org.mockitousage.annotation.MockInjectionUsingConstructorTest.constructor_is_called_for_each_test_in_test_class,0.006392694063926941,0.006392694063926941,0.006392694063926941,0.006392694063926941,0.006392694063926941,0.00639269406392694,0.0,0.08493150684931507,0.08493150684931507,0.08493150684931507,0.08493150684931507,0.08493150684931507,0.08493150684931508,0.0,"[""JUnitCore"", ""Object"", ""MockInjectionUsingConstructorTest$junit_test_with_3_tests_methods"", ""TextListener"", ""MockInjectionUsingConstructorTest""]",[0.006392694063926941],[0.08493150684931507]
org.mockito.internal.util.DecamelizerTest.shouldProduceDecentDescription,0.004021447721179625,0.0031277926720285967,0.002234137622877569,0.0062555853440571935,0.002872462657985446,0.0029974101575064205,0.0008936550491510278,0.020554066130473638,0.018543342269883824,0.01653261840929401,0.03708668453976765,0.01832531197174758,0.01843400477635055,0.0020107238605898137,"[""Decamelizer"", ""DecamelizerTest""]","[0.004021447721179625, 0.002234137622877569]","[0.01653261840929401, 0.020554066130473638]"
org.mockitousage.annotation.SpyInjectionTest.shouldDoStuff,0.005405405405405406,0.005405405405405406,0.005405405405405406,0.005405405405405406,0.005405405405405406,0.0054054054054054074,0.0,0.05714285714285714,0.05714285714285714,0.05714285714285714,0.05714285714285714,0.05714285714285714,0.057142857142857134,0.0,"[""SpyInjectionTest"", ""SpyInjectionTest$HasSpy"", ""Object""]",[0.005405405405405406],[0.05714285714285714]
org.mockitousage.junitrunner.JUnit44RunnerTest.shouldInjectMocksUsingRunner,0.005402160864345739,0.005402160864345739,0.005402160864345739,0.005402160864345739,0.005402160864345739,0.0054021608643457395,0.0,0.1398559423769508,0.1398559423769508,0.1398559423769508,0.1398559423769508,0.1398559423769508,0.1398559423769508,0.0,"[""JUnit44RunnerTest$ListDependent"", ""Object"", ""JUnit44RunnerTest""]",[0.005402160864345739],[0.1398559423769508]
org.mockitousage.basicapi.ObjectsSerializationTest.shouldSerializationWork,0.0027567195037904893,0.002649007782390797,0.0025412960609911056,0.005298015564781594,0.002644628099173554,0.0026468170349006224,0.00010771172139969185,0.013783597518952447,0.009433094820467329,0.005082592121982211,0.018866189640934658,0.007426661715558856,0.008369970380019352,0.004350502698485118,"[""Object"", ""ObjectsSerializationTest"", ""ByteArrayOutputStream"", ""SimpleSerializationUtil"", ""ObjectInputStream"", ""ObjectsSerializationTest$Bar"", ""Class"", ""ObjectOutputStream"", ""ByteArrayInputStream"", ""ObjectsSerializationTest$Foo""]","[0.0027567195037904893, 0.0025412960609911056]","[0.013783597518952447, 0.005082592121982211]"
org.mockitousage.spies.PartialMockingWithSpiesTest.shouldCallRealMethdsEvenDelegatedToOtherSelfMethod,0.004842615012106538,0.004842615012106538,0.004842615012106538,0.004842615012106538,0.004842615012106538,0.004842615012106536,0.0,0.07627118644067797,0.07627118644067797,0.07627118644067797,0.07627118644067797,0.07627118644067797,0.07627118644067798,0.0,"[""PartialMockingWithSpiesTest$Person"", ""Object"", ""RuntimeException"", ""PartialMockingWithSpiesTest$Name"", ""PartialMockingWithSpiesTest$InheritMe"", ""PartialMockingWithSpiesTest""]",[0.004842615012106538],[0.07627118644067797]
org.mockitousage.spies.PartialMockingWithSpiesTest.shouldDealWithPrivateFieldsOfSubclasses,0.004842615012106538,0.004842615012106538,0.004842615012106538,0.004842615012106538,0.004842615012106538,0.004842615012106536,0.0,0.07627118644067797,0.07627118644067797,0.07627118644067797,0.07627118644067797,0.07627118644067797,0.07627118644067798,0.0,"[""PartialMockingWithSpiesTest$Person"", ""Object"", ""RuntimeException"", ""PartialMockingWithSpiesTest$Name"", ""PartialMockingWithSpiesTest$InheritMe"", ""PartialMockingWithSpiesTest""]",[0.004842615012106538],[0.07627118644067797]
org.mockito.internal.matchers.apachecommons.EqualsBuilderTest.testCharArray,0.0025951557093425604,0.002378892733564014,0.0021626297577854673,0.004757785467128028,0.0023592324630386913,0.0023690422037420675,0.00021626297577854656,0.04195501730103806,0.02681660899653979,0.011678200692041523,0.05363321799307958,0.01827073334077464,0.02213502003793076,0.015138408304498268,"[""EqualsBuilderTest"", ""EqualsBuilder""]","[0.0025951557093425604, 0.0021626297577854673]","[0.04195501730103806, 0.011678200692041523]"
org.mockito.internal.matchers.apachecommons.EqualsBuilderTest.testBigDecimal,0.0025951557093425604,0.002378892733564014,0.0021626297577854673,0.004757785467128028,0.0023592324630386913,0.0023690422037420675,0.00021626297577854656,0.04195501730103806,0.02681660899653979,0.011678200692041523,0.05363321799307958,0.01827073334077464,0.02213502003793076,0.015138408304498268,"[""BigDecimal"", ""EqualsBuilderTest"", ""EqualsBuilder""]","[0.0025951557093425604, 0.0021626297577854673]","[0.04195501730103806, 0.011678200692041523]"
org.mockito.internal.matchers.apachecommons.EqualsBuilderTest.testLong,0.0025951557093425604,0.002378892733564014,0.0021626297577854673,0.004757785467128028,0.0023592324630386913,0.0023690422037420675,0.00021626297577854656,0.04195501730103806,0.02681660899653979,0.011678200692041523,0.05363321799307958,0.01827073334077464,0.02213502003793076,0.015138408304498268,"[""EqualsBuilderTest"", ""EqualsBuilder""]","[0.0025951557093425604, 0.0021626297577854673]","[0.04195501730103806, 0.011678200692041523]"
org.mockito.internal.matchers.apachecommons.EqualsBuilderTest.testMultiDoubleArray,0.0025951557093425604,0.002378892733564014,0.0021626297577854673,0.004757785467128028,0.0023592324630386913,0.0023690422037420675,0.00021626297577854656,0.04195501730103806,0.02681660899653979,0.011678200692041523,0.05363321799307958,0.01827073334077464,0.02213502003793076,0.015138408304498268,"[""EqualsBuilderTest"", ""EqualsBuilder""]","[0.0025951557093425604, 0.0021626297577854673]","[0.04195501730103806, 0.011678200692041523]"
org.mockito.internal.matchers.apachecommons.EqualsBuilderTest.testBooleanArray,0.0025951557093425604,0.002378892733564014,0.0021626297577854673,0.004757785467128028,0.0023592324630386913,0.0023690422037420675,0.00021626297577854656,0.04195501730103806,0.02681660899653979,0.011678200692041523,0.05363321799307958,0.01827073334077464,0.02213502003793076,0.015138408304498268,"[""EqualsBuilderTest"", ""EqualsBuilder""]","[0.0025951557093425604, 0.0021626297577854673]","[0.04195501730103806, 0.011678200692041523]"
org.mockito.internal.matchers.apachecommons.EqualsBuilderTest.testReflectionEqualsExcludeFields,0.0025951557093425604,0.002378892733564014,0.0021626297577854673,0.004757785467128028,0.0023592324630386913,0.0023690422037420675,0.00021626297577854656,0.04195501730103806,0.02681660899653979,0.011678200692041523,0.05363321799307958,0.01827073334077464,0.02213502003793076,0.015138408304498268,"[""EqualsBuilderTest$TestObject"", ""Object"", ""EqualsBuilderTest"", ""EqualsBuilderTest$TestObjectWithMultipleFields"", ""EqualsBuilder""]","[0.0025951557093425604, 0.0021626297577854673]","[0.04195501730103806, 0.011678200692041523]"
org.mockito.internal.matchers.apachecommons.EqualsBuilderTest.testCharArrayHiddenByObject,0.0025951557093425604,0.002378892733564014,0.0021626297577854673,0.004757785467128028,0.0023592324630386913,0.0023690422037420675,0.00021626297577854656,0.04195501730103806,0.02681660899653979,0.011678200692041523,0.05363321799307958,0.01827073334077464,0.02213502003793076,0.015138408304498268,"[""EqualsBuilderTest"", ""EqualsBuilder""]","[0.0025951557093425604, 0.0021626297577854673]","[0.04195501730103806, 0.011678200692041523]"
org.mockito.internal.matchers.apachecommons.EqualsBuilderTest.testMixedArray,0.0025951557093425604,0.002378892733564014,0.0021626297577854673,0.004757785467128028,0.0023592324630386913,0.0023690422037420675,0.00021626297577854656,0.04195501730103806,0.02681660899653979,0.011678200692041523,0.05363321799307958,0.01827073334077464,0.02213502003793076,0.015138408304498268,"[""EqualsBuilderTest"", ""EqualsBuilder""]","[0.0025951557093425604, 0.0021626297577854673]","[0.04195501730103806, 0.011678200692041523]"
org.mockito.internal.matchers.apachecommons.EqualsBuilderTest.testObjectArrayHiddenByObject,0.0025951557093425604,0.002378892733564014,0.0021626297577854673,0.004757785467128028,0.0023592324630386913,0.0023690422037420675,0.00021626297577854656,0.04195501730103806,0.02681660899653979,0.011678200692041523,0.05363321799307958,0.01827073334077464,0.02213502003793076,0.015138408304498268,"[""EqualsBuilderTest$TestObject"", ""Object"", ""EqualsBuilderTest"", ""EqualsBuilder""]","[0.0025951557093425604, 0.0021626297577854673]","[0.04195501730103806, 0.011678200692041523]"
org.mockito.internal.matchers.apachecommons.EqualsBuilderTest.testByteArrayHiddenByObject,0.0025951557093425604,0.002378892733564014,0.0021626297577854673,0.004757785467128028,0.0023592324630386913,0.0023690422037420675,0.00021626297577854656,0.04195501730103806,0.02681660899653979,0.011678200692041523,0.05363321799307958,0.01827073334077464,0.02213502003793076,0.015138408304498268,"[""EqualsBuilderTest"", ""EqualsBuilder""]","[0.0025951557093425604, 0.0021626297577854673]","[0.04195501730103806, 0.011678200692041523]"
org.mockito.internal.matchers.apachecommons.EqualsBuilderTest.testDouble,0.0025951557093425604,0.002378892733564014,0.0021626297577854673,0.004757785467128028,0.0023592324630386913,0.0023690422037420675,0.00021626297577854656,0.04195501730103806,0.02681660899653979,0.011678200692041523,0.05363321799307958,0.01827073334077464,0.02213502003793076,0.015138408304498268,"[""EqualsBuilderTest"", ""EqualsBuilder""]","[0.0025951557093425604, 0.0021626297577854673]","[0.04195501730103806, 0.011678200692041523]"
org.mockito.internal.matchers.apachecommons.EqualsBuilderTest.testAccessors,0.0025951557093425604,0.002378892733564014,0.0021626297577854673,0.004757785467128028,0.0023592324630386913,0.0023690422037420675,0.00021626297577854656,0.04195501730103806,0.02681660899653979,0.011678200692041523,0.05363321799307958,0.01827073334077464,0.02213502003793076,0.015138408304498268,"[""EqualsBuilderTest"", ""EqualsBuilder""]","[0.0025951557093425604, 0.0021626297577854673]","[0.04195501730103806, 0.011678200692041523]"
org.mockito.internal.matchers.apachecommons.EqualsBuilderTest.testChar,0.0025951557093425604,0.002378892733564014,0.0021626297577854673,0.004757785467128028,0.0023592324630386913,0.0023690422037420675,0.00021626297577854656,0.04195501730103806,0.02681660899653979,0.011678200692041523,0.05363321799307958,0.01827073334077464,0.02213502003793076,0.015138408304498268,"[""EqualsBuilderTest"", ""EqualsBuilder""]","[0.0025951557093425604, 0.0021626297577854673]","[0.04195501730103806, 0.011678200692041523]"
org.mockito.internal.matchers.apachecommons.EqualsBuilderTest.testObject,0.0025951557093425604,0.002378892733564014,0.0021626297577854673,0.004757785467128028,0.0023592324630386913,0.0023690422037420675,0.00021626297577854656,0.04195501730103806,0.02681660899653979,0.011678200692041523,0.05363321799307958,0.01827073334077464,0.02213502003793076,0.015138408304498268,"[""EqualsBuilderTest$TestObject"", ""Object"", ""EqualsBuilderTest"", ""EqualsBuilder""]","[0.0025951557093425604, 0.0021626297577854673]","[0.04195501730103806, 0.011678200692041523]"
org.mockito.internal.matchers.apachecommons.EqualsBuilderTest.testFloatArrayHiddenByObject,0.0025951557093425604,0.002378892733564014,0.0021626297577854673,0.004757785467128028,0.0023592324630386913,0.0023690422037420675,0.00021626297577854656,0.04195501730103806,0.02681660899653979,0.011678200692041523,0.05363321799307958,0.01827073334077464,0.02213502003793076,0.015138408304498268,"[""EqualsBuilderTest"", ""EqualsBuilder""]","[0.0025951557093425604, 0.0021626297577854673]","[0.04195501730103806, 0.011678200692041523]"
org.mockito.internal.matchers.apachecommons.EqualsBuilderTest.testMultiLongArray,0.0025951557093425604,0.002378892733564014,0.0021626297577854673,0.004757785467128028,0.0023592324630386913,0.0023690422037420675,0.00021626297577854656,0.04195501730103806,0.02681660899653979,0.011678200692041523,0.05363321799307958,0.01827073334077464,0.02213502003793076,0.015138408304498268,"[""EqualsBuilderTest"", ""EqualsBuilder""]","[0.0025951557093425604, 0.0021626297577854673]","[0.04195501730103806, 0.011678200692041523]"
org.mockito.internal.matchers.apachecommons.EqualsBuilderTest.testShortArray,0.0025951557093425604,0.002378892733564014,0.0021626297577854673,0.004757785467128028,0.0023592324630386913,0.0023690422037420675,0.00021626297577854656,0.04195501730103806,0.02681660899653979,0.011678200692041523,0.05363321799307958,0.01827073334077464,0.02213502003793076,0.015138408304498268,"[""EqualsBuilderTest"", ""EqualsBuilder""]","[0.0025951557093425604, 0.0021626297577854673]","[0.04195501730103806, 0.011678200692041523]"
org.mockito.internal.matchers.apachecommons.EqualsBuilderTest.testMultiShortArray,0.0025951557093425604,0.002378892733564014,0.0021626297577854673,0.004757785467128028,0.0023592324630386913,0.0023690422037420675,0.00021626297577854656,0.04195501730103806,0.02681660899653979,0.011678200692041523,0.05363321799307958,0.01827073334077464,0.02213502003793076,0.015138408304498268,"[""EqualsBuilderTest"", ""EqualsBuilder""]","[0.0025951557093425604, 0.0021626297577854673]","[0.04195501730103806, 0.011678200692041523]"
org.mockito.internal.matchers.apachecommons.EqualsBuilderTest.testByteArray,0.0025951557093425604,0.002378892733564014,0.0021626297577854673,0.004757785467128028,0.0023592324630386913,0.0023690422037420675,0.00021626297577854656,0.04195501730103806,0.02681660899653979,0.011678200692041523,0.05363321799307958,0.01827073334077464,0.02213502003793076,0.015138408304498268,"[""EqualsBuilderTest"", ""EqualsBuilder""]","[0.0025951557093425604, 0.0021626297577854673]","[0.04195501730103806, 0.011678200692041523]"
org.mockito.internal.matchers.apachecommons.EqualsBuilderTest.testShort,0.0025951557093425604,0.002378892733564014,0.0021626297577854673,0.004757785467128028,0.0023592324630386913,0.0023690422037420675,0.00021626297577854656,0.04195501730103806,0.02681660899653979,0.011678200692041523,0.05363321799307958,0.01827073334077464,0.02213502003793076,0.015138408304498268,"[""EqualsBuilderTest"", ""EqualsBuilder""]","[0.0025951557093425604, 0.0021626297577854673]","[0.04195501730103806, 0.011678200692041523]"
org.mockito.internal.matchers.apachecommons.EqualsBuilderTest.testObjectArray,0.0025951557093425604,0.002378892733564014,0.0021626297577854673,0.004757785467128028,0.0023592324630386913,0.0023690422037420675,0.00021626297577854656,0.04195501730103806,0.02681660899653979,0.011678200692041523,0.05363321799307958,0.01827073334077464,0.02213502003793076,0.015138408304498268,"[""EqualsBuilderTest$TestObject"", ""Object"", ""EqualsBuilderTest"", ""EqualsBuilder""]","[0.0025951557093425604, 0.0021626297577854673]","[0.04195501730103806, 0.011678200692041523]"
org.mockito.internal.matchers.apachecommons.EqualsBuilderTest.testDoubleArray,0.0025951557093425604,0.002378892733564014,0.0021626297577854673,0.004757785467128028,0.0023592324630386913,0.0023690422037420675,0.00021626297577854656,0.04195501730103806,0.02681660899653979,0.011678200692041523,0.05363321799307958,0.01827073334077464,0.02213502003793076,0.015138408304498268,"[""EqualsBuilderTest"", ""EqualsBuilder""]","[0.0025951557093425604, 0.0021626297577854673]","[0.04195501730103806, 0.011678200692041523]"
org.mockito.internal.matchers.apachecommons.EqualsBuilderTest.testByte,0.0025951557093425604,0.002378892733564014,0.0021626297577854673,0.004757785467128028,0.0023592324630386913,0.0023690422037420675,0.00021626297577854656,0.04195501730103806,0.02681660899653979,0.011678200692041523,0.05363321799307958,0.01827073334077464,0.02213502003793076,0.015138408304498268,"[""EqualsBuilderTest"", ""EqualsBuilder""]","[0.0025951557093425604, 0.0021626297577854673]","[0.04195501730103806, 0.011678200692041523]"
org.mockito.internal.matchers.apachecommons.EqualsBuilderTest.testBooleanArrayHiddenByObject,0.0025951557093425604,0.002378892733564014,0.0021626297577854673,0.004757785467128028,0.0023592324630386913,0.0023690422037420675,0.00021626297577854656,0.04195501730103806,0.02681660899653979,0.011678200692041523,0.05363321799307958,0.01827073334077464,0.02213502003793076,0.015138408304498268,"[""EqualsBuilderTest"", ""EqualsBuilder""]","[0.0025951557093425604, 0.0021626297577854673]","[0.04195501730103806, 0.011678200692041523]"
org.mockito.internal.matchers.apachecommons.EqualsBuilderTest.testMultiIntArray,0.0025951557093425604,0.002378892733564014,0.0021626297577854673,0.004757785467128028,0.0023592324630386913,0.0023690422037420675,0.00021626297577854656,0.04195501730103806,0.02681660899653979,0.011678200692041523,0.05363321799307958,0.01827073334077464,0.02213502003793076,0.015138408304498268,"[""EqualsBuilderTest"", ""EqualsBuilder""]","[0.0025951557093425604, 0.0021626297577854673]","[0.04195501730103806, 0.011678200692041523]"
org.mockito.internal.matchers.apachecommons.EqualsBuilderTest.testInt,0.0025951557093425604,0.002378892733564014,0.0021626297577854673,0.004757785467128028,0.0023592324630386913,0.0023690422037420675,0.00021626297577854656,0.04195501730103806,0.02681660899653979,0.011678200692041523,0.05363321799307958,0.01827073334077464,0.02213502003793076,0.015138408304498268,"[""EqualsBuilderTest"", ""EqualsBuilder""]","[0.0025951557093425604, 0.0021626297577854673]","[0.04195501730103806, 0.011678200692041523]"
org.mockito.internal.matchers.apachecommons.EqualsBuilderTest.testLongArrayHiddenByObject,0.0025951557093425604,0.002378892733564014,0.0021626297577854673,0.004757785467128028,0.0023592324630386913,0.0023690422037420675,0.00021626297577854656,0.04195501730103806,0.02681660899653979,0.011678200692041523,0.05363321799307958,0.01827073334077464,0.02213502003793076,0.015138408304498268,"[""EqualsBuilderTest"", ""EqualsBuilder""]","[0.0025951557093425604, 0.0021626297577854673]","[0.04195501730103806, 0.011678200692041523]"
org.mockito.internal.matchers.apachecommons.EqualsBuilderTest.testFloat,0.0025951557093425604,0.002378892733564014,0.0021626297577854673,0.004757785467128028,0.0023592324630386913,0.0023690422037420675,0.00021626297577854656,0.04195501730103806,0.02681660899653979,0.011678200692041523,0.05363321799307958,0.01827073334077464,0.02213502003793076,0.015138408304498268,"[""EqualsBuilderTest"", ""EqualsBuilder""]","[0.0025951557093425604, 0.0021626297577854673]","[0.04195501730103806, 0.011678200692041523]"
org.mockito.internal.matchers.apachecommons.EqualsBuilderTest.testIntArrayHiddenByObject,0.0025951557093425604,0.002378892733564014,0.0021626297577854673,0.004757785467128028,0.0023592324630386913,0.0023690422037420675,0.00021626297577854656,0.04195501730103806,0.02681660899653979,0.011678200692041523,0.05363321799307958,0.01827073334077464,0.02213502003793076,0.015138408304498268,"[""EqualsBuilderTest"", ""EqualsBuilder""]","[0.0025951557093425604, 0.0021626297577854673]","[0.04195501730103806, 0.011678200692041523]"
org.mockito.internal.matchers.apachecommons.EqualsBuilderTest.testShortArrayHiddenByObject,0.0025951557093425604,0.002378892733564014,0.0021626297577854673,0.004757785467128028,0.0023592324630386913,0.0023690422037420675,0.00021626297577854656,0.04195501730103806,0.02681660899653979,0.011678200692041523,0.05363321799307958,0.01827073334077464,0.02213502003793076,0.015138408304498268,"[""EqualsBuilderTest"", ""EqualsBuilder""]","[0.0025951557093425604, 0.0021626297577854673]","[0.04195501730103806, 0.011678200692041523]"
org.mockito.internal.matchers.apachecommons.EqualsBuilderTest.testDoubleArrayHiddenByObject,0.0025951557093425604,0.002378892733564014,0.0021626297577854673,0.004757785467128028,0.0023592324630386913,0.0023690422037420675,0.00021626297577854656,0.04195501730103806,0.02681660899653979,0.011678200692041523,0.05363321799307958,0.01827073334077464,0.02213502003793076,0.015138408304498268,"[""EqualsBuilderTest"", ""EqualsBuilder""]","[0.0025951557093425604, 0.0021626297577854673]","[0.04195501730103806, 0.011678200692041523]"
org.mockito.internal.matchers.apachecommons.EqualsBuilderTest.testIntArray,0.0025951557093425604,0.002378892733564014,0.0021626297577854673,0.004757785467128028,0.0023592324630386913,0.0023690422037420675,0.00021626297577854656,0.04195501730103806,0.02681660899653979,0.011678200692041523,0.05363321799307958,0.01827073334077464,0.02213502003793076,0.015138408304498268,"[""EqualsBuilderTest"", ""EqualsBuilder""]","[0.0025951557093425604, 0.0021626297577854673]","[0.04195501730103806, 0.011678200692041523]"
org.mockito.internal.matchers.apachecommons.EqualsBuilderTest.testMultiByteArray,0.0025951557093425604,0.002378892733564014,0.0021626297577854673,0.004757785467128028,0.0023592324630386913,0.0023690422037420675,0.00021626297577854656,0.04195501730103806,0.02681660899653979,0.011678200692041523,0.05363321799307958,0.01827073334077464,0.02213502003793076,0.015138408304498268,"[""EqualsBuilderTest"", ""EqualsBuilder""]","[0.0025951557093425604, 0.0021626297577854673]","[0.04195501730103806, 0.011678200692041523]"
org.mockito.internal.matchers.apachecommons.EqualsBuilderTest.testMultiFloatArray,0.0025951557093425604,0.002378892733564014,0.0021626297577854673,0.004757785467128028,0.0023592324630386913,0.0023690422037420675,0.00021626297577854656,0.04195501730103806,0.02681660899653979,0.011678200692041523,0.05363321799307958,0.01827073334077464,0.02213502003793076,0.015138408304498268,"[""EqualsBuilderTest"", ""EqualsBuilder""]","[0.0025951557093425604, 0.0021626297577854673]","[0.04195501730103806, 0.011678200692041523]"
org.mockito.internal.matchers.apachecommons.EqualsBuilderTest.testBoolean,0.0025951557093425604,0.002378892733564014,0.0021626297577854673,0.004757785467128028,0.0023592324630386913,0.0023690422037420675,0.00021626297577854656,0.04195501730103806,0.02681660899653979,0.011678200692041523,0.05363321799307958,0.01827073334077464,0.02213502003793076,0.015138408304498268,"[""EqualsBuilderTest"", ""EqualsBuilder""]","[0.0025951557093425604, 0.0021626297577854673]","[0.04195501730103806, 0.011678200692041523]"
org.mockito.internal.matchers.apachecommons.EqualsBuilderTest.testFloatArray,0.0025951557093425604,0.002378892733564014,0.0021626297577854673,0.004757785467128028,0.0023592324630386913,0.0023690422037420675,0.00021626297577854656,0.04195501730103806,0.02681660899653979,0.011678200692041523,0.05363321799307958,0.01827073334077464,0.02213502003793076,0.015138408304498268,"[""EqualsBuilderTest"", ""EqualsBuilder""]","[0.0025951557093425604, 0.0021626297577854673]","[0.04195501730103806, 0.011678200692041523]"
org.mockito.internal.matchers.apachecommons.EqualsBuilderTest.testLongArray,0.0025951557093425604,0.002378892733564014,0.0021626297577854673,0.004757785467128028,0.0023592324630386913,0.0023690422037420675,0.00021626297577854656,0.04195501730103806,0.02681660899653979,0.011678200692041523,0.05363321799307958,0.01827073334077464,0.02213502003793076,0.015138408304498268,"[""EqualsBuilderTest"", ""EqualsBuilder""]","[0.0025951557093425604, 0.0021626297577854673]","[0.04195501730103806, 0.011678200692041523]"
org.mockito.internal.matchers.apachecommons.EqualsBuilderTest.testMultiCharArray,0.0025951557093425604,0.002378892733564014,0.0021626297577854673,0.004757785467128028,0.0023592324630386913,0.0023690422037420675,0.00021626297577854656,0.04195501730103806,0.02681660899653979,0.011678200692041523,0.05363321799307958,0.01827073334077464,0.02213502003793076,0.015138408304498268,"[""EqualsBuilderTest"", ""EqualsBuilder""]","[0.0025951557093425604, 0.0021626297577854673]","[0.04195501730103806, 0.011678200692041523]"
org.mockito.internal.matchers.apachecommons.EqualsBuilderTest.testReflectionEquals,0.0025951557093425604,0.002378892733564014,0.0021626297577854673,0.004757785467128028,0.0023592324630386913,0.0023690422037420675,0.00021626297577854656,0.04195501730103806,0.02681660899653979,0.011678200692041523,0.05363321799307958,0.01827073334077464,0.02213502003793076,0.015138408304498268,"[""EqualsBuilderTest$TestObject"", ""Object"", ""EqualsBuilderTest"", ""EqualsBuilder""]","[0.0025951557093425604, 0.0021626297577854673]","[0.04195501730103806, 0.011678200692041523]"
org.mockito.internal.matchers.apachecommons.EqualsBuilderTest.testReflectionHierarchyEquals,0.0025951557093425604,0.002378892733564014,0.0021626297577854673,0.004757785467128028,0.0023592324630386913,0.0023690422037420675,0.00021626297577854656,0.04195501730103806,0.02681660899653979,0.011678200692041523,0.05363321799307958,0.01827073334077464,0.02213502003793076,0.015138408304498268,"[""EqualsBuilderTest$TestTTSubObject"", ""Object"", ""EqualsBuilderTest$TestTTLeafObject"", ""EqualsBuilderTest$TestEmptySubObject"", ""EqualsBuilderTest$TestTSubObject"", ""EqualsBuilderTest$TestObject"", ""EqualsBuilderTest$TestSubObject"", ""EqualsBuilderTest"", ""EqualsBuilder""]","[0.0025951557093425604, 0.0021626297577854673]","[0.04195501730103806, 0.011678200692041523]"
org.mockito.internal.matchers.apachecommons.EqualsBuilderTest.testNpeForNullElement,0.0025951557093425604,0.002378892733564014,0.0021626297577854673,0.004757785467128028,0.0023592324630386913,0.0023690422037420675,0.00021626297577854656,0.04195501730103806,0.02681660899653979,0.011678200692041523,0.05363321799307958,0.01827073334077464,0.02213502003793076,0.015138408304498268,"[""Integer"", ""EqualsBuilderTest"", ""EqualsBuilder""]","[0.0025951557093425604, 0.0021626297577854673]","[0.04195501730103806, 0.011678200692041523]"
org.mockito.internal.matchers.apachecommons.EqualsBuilderTest.testSuper,0.0025951557093425604,0.002378892733564014,0.0021626297577854673,0.004757785467128028,0.0023592324630386913,0.0023690422037420675,0.00021626297577854656,0.04195501730103806,0.02681660899653979,0.011678200692041523,0.05363321799307958,0.01827073334077464,0.02213502003793076,0.015138408304498268,"[""EqualsBuilderTest$TestObject"", ""Object"", ""EqualsBuilderTest"", ""EqualsBuilder""]","[0.0025951557093425604, 0.0021626297577854673]","[0.04195501730103806, 0.011678200692041523]"
org.mockito.internal.matchers.apachecommons.EqualsBuilderTest.testUnrelatedClasses,0.0025951557093425604,0.002378892733564014,0.0021626297577854673,0.004757785467128028,0.0023592324630386913,0.0023690422037420675,0.00021626297577854656,0.04195501730103806,0.02681660899653979,0.011678200692041523,0.05363321799307958,0.01827073334077464,0.02213502003793076,0.015138408304498268,"[""Object"", ""Arrays"", ""EqualsBuilderTest$TestBCanEqualA"", ""EqualsBuilderTest"", ""EqualsBuilderTest$TestACanEqualB"", ""EqualsBuilder""]","[0.0025951557093425604, 0.0021626297577854673]","[0.04195501730103806, 0.011678200692041523]"
org.mockito.internal.matchers.apachecommons.EqualsBuilderTest.testRaggedArray,0.0025951557093425604,0.002378892733564014,0.0021626297577854673,0.004757785467128028,0.0023592324630386913,0.0023690422037420675,0.00021626297577854656,0.04195501730103806,0.02681660899653979,0.011678200692041523,0.05363321799307958,0.01827073334077464,0.02213502003793076,0.015138408304498268,"[""EqualsBuilderTest"", ""EqualsBuilder""]","[0.0025951557093425604, 0.0021626297577854673]","[0.04195501730103806, 0.011678200692041523]"
org.mockito.internal.matchers.apachecommons.EqualsBuilderTest.testMultiBooleanArray,0.0025951557093425604,0.002378892733564014,0.0021626297577854673,0.004757785467128028,0.0023592324630386913,0.0023690422037420675,0.00021626297577854656,0.04195501730103806,0.02681660899653979,0.011678200692041523,0.05363321799307958,0.01827073334077464,0.02213502003793076,0.015138408304498268,"[""EqualsBuilderTest"", ""EqualsBuilder""]","[0.0025951557093425604, 0.0021626297577854673]","[0.04195501730103806, 0.011678200692041523]"
org.mockito.internal.invocation.SerializableMethodTest.shouldBeSerializable,0.004195804195804196,0.004195804195804196,0.004195804195804196,0.004195804195804196,0.004195804195804196,0.004195804195804194,0.0,0.10909090909090909,0.10909090909090909,0.10909090909090909,0.10909090909090909,0.10909090909090907,0.10909090909090911,0.0,"[""SerializableMethodTest"", ""ObjectOutputStream"", ""ByteArrayOutputStream""]",[0.004195804195804196],[0.10909090909090909]
org.mockito.internal.matchers.VarargCapturingMatcherTest.can_capture_primitive_varargs,0.0024390243902439024,0.0018292682926829267,0.0012195121951219512,0.0036585365853658534,0.0016260162601626016,0.0017246506858208483,0.0006097560975609756,0.0024390243902439024,0.0012195121951219512,0.0,0.0024390243902439024,0.0024390243902439024,0.0024390243902439016,0.0,"[""VarargCapturingMatcher"", ""Integer"", ""VarargCapturingMatcherTest""]","[0.0024390243902439024, 0.0012195121951219512]","[0.0024390243902439024, 0.0]"
org.mockito.internal.matchers.VarargCapturingMatcherTest.should_scream_when_nothing_yet_captured,0.0024390243902439024,0.0018292682926829267,0.0012195121951219512,0.0036585365853658534,0.0016260162601626016,0.0017246506858208483,0.0006097560975609756,0.0024390243902439024,0.0012195121951219512,0.0,0.0024390243902439024,0.0024390243902439024,0.0024390243902439016,0.0,"[""VarargCapturingMatcher"", ""VarargCapturingMatcherTest""]","[0.0024390243902439024, 0.0012195121951219512]","[0.0024390243902439024, 0.0]"
org.mockito.internal.matchers.VarargCapturingMatcherTest.should_capture_simple_arguments,0.0024390243902439024,0.0018292682926829267,0.0012195121951219512,0.0036585365853658534,0.0016260162601626016,0.0017246506858208483,0.0006097560975609756,0.0024390243902439024,0.0012195121951219512,0.0,0.0024390243902439024,0.0024390243902439024,0.0024390243902439016,0.0,"[""Arrays"", ""VarargCapturingMatcher"", ""VarargCapturingMatcherTest""]","[0.0024390243902439024, 0.0012195121951219512]","[0.0024390243902439024, 0.0]"
org.mockito.internal.matchers.VarargCapturingMatcherTest.should_know_last_captured_vararg,0.0024390243902439024,0.0018292682926829267,0.0012195121951219512,0.0036585365853658534,0.0016260162601626016,0.0017246506858208483,0.0006097560975609756,0.0024390243902439024,0.0012195121951219512,0.0,0.0024390243902439024,0.0024390243902439024,0.0024390243902439016,0.0,"[""VarargCapturingMatcher"", ""VarargCapturingMatcherTest""]","[0.0024390243902439024, 0.0012195121951219512]","[0.0024390243902439024, 0.0]"
org.mockitousage.bugs.Issue353InjectionMightNotHappenInCertainConfigurationTest.when_identical_types_and_the_correct_mock_name_is_greater_than_the_non_matching_name_then_injection_occurs_only_on_the_named_one,0.0034602076124567475,0.0034602076124567475,0.0034602076124567475,0.0034602076124567475,0.0034602076124567475,0.0034602076124567466,0.0,0.0784313725490196,0.0784313725490196,0.0784313725490196,0.0784313725490196,0.0784313725490196,0.07843137254901959,0.0,"[""Issue353InjectionMightNotHappenInCertainConfigurationTest"", ""String""]",[0.0034602076124567475],[0.0784313725490196]
org.mockitousage.bugs.InheritedGenericsPolimorphicCallTest.shouldWorkExactlyAsJavaProxyWould,0.0016474464579901153,0.001438351378964326,0.001229256299938537,0.002876702757928652,0.0014079549454417458,0.0014230720070663254,0.00020909507902578913,0.002458512599877074,0.001641117914436066,0.0008237232289950577,0.003282235828872132,0.0012339966065093321,0.0014230720070663254,0.0008173946854410082,"[""Object"", ""InheritedGenericsPolimorphicCallTest"", ""LinkedList"", ""Proxy"", ""InheritedGenericsPolimorphicCallTest$MyIterable"", ""InheritedGenericsPolimorphicCallTest$1"", ""Class"", ""Iterable"", ""List""]","[0.0016474464579901153, 0.001229256299938537]","[0.0008237232289950577, 0.002458512599877074]"
org.mockito.internal.util.reflection.ParameterizedConstructorInstantiatorTest.should_be_created_with_an_argument_resolver,0.002737226277372263,0.002737226277372263,0.002737226277372263,0.002737226277372263,0.002737226277372263,0.0027372262773722625,0.0,0.006386861313868613,0.006386861313868613,0.006386861313868613,0.006386861313868613,0.006386861313868612,0.006386861313868611,0.0,"[""Object"", ""Field"", ""ParameterizedConstructorInstantiatorTest"", ""Class"", ""FieldInitializer$ParameterizedConstructorInstantiator""]",[0.002737226277372263],[0.006386861313868613]
org.mockito.internal.invocation.InvocationImplTest.shouldBeACitizenOfHashes,0.0021390374331550803,0.0021390374331550803,0.0021390374331550803,0.0021390374331550803,0.0021390374331550803,0.00213903743315508,0.0,0.014973262032085561,0.014973262032085561,0.014973262032085561,0.014973262032085561,0.014973262032085561,0.01497326203208556,0.0,"[""InvocationImplTest"", ""HashMap"", ""Map""]",[0.0021390374331550803],[0.014973262032085561]
org.mockitousage.bugs.ChildWithSameParentFieldInjectionTest.parent_field_is_not_null,0.0019193857965451055,0.0019193857965451055,0.0019193857965451055,0.0019193857965451055,0.0019193857965451055,0.0019193857965451055,0.0,0.003838771593090211,0.003838771593090211,0.003838771593090211,0.003838771593090211,0.003838771593090211,0.0038387715930902114,0.0,"[""ChildWithSameParentFieldInjectionTest$SomeService"", ""ChildWithSameParentFieldInjectionTest$AbstractSystem"", ""Object"", ""ChildWithSameParentFieldInjectionTest""]",[0.0019193857965451055],[0.003838771593090211]
org.mockitousage.bugs.ChildWithSameParentFieldInjectionTest.child_field_is_not_null,0.0019193857965451055,0.0019193857965451055,0.0019193857965451055,0.0019193857965451055,0.0019193857965451055,0.0019193857965451055,0.0,0.003838771593090211,0.003838771593090211,0.003838771593090211,0.003838771593090211,0.003838771593090211,0.0038387715930902114,0.0,"[""ChildWithSameParentFieldInjectionTest$SomeService"", ""ChildWithSameParentFieldInjectionTest$AbstractSystem"", ""Object"", ""ChildWithSameParentFieldInjectionTest$System"", ""ChildWithSameParentFieldInjectionTest""]",[0.0019193857965451055],[0.003838771593090211]
org.mockito.internal.configuration.injection.SimpleArgumentResolverTest.should_return_null_when_types_are_primitives,0.0018264840182648401,0.0018264840182648401,0.0018264840182648401,0.0018264840182648401,0.0018264840182648401,0.00182648401826484,0.0,0.0045662100456621,0.0045662100456621,0.0045662100456621,0.0045662100456621,0.0045662100456621,0.0045662100456621,0.0,"[""HashSet"", ""ConstructorInjection$SimpleArgumentResolver"", ""Arrays"", ""TreeSet"", ""SimpleArgumentResolverTest"", ""HashMap""]",[0.0018264840182648401],[0.0045662100456621]
org.mockito.internal.configuration.injection.SimpleArgumentResolverTest.should_return_object_matching_given_types,0.0018264840182648401,0.0018264840182648401,0.0018264840182648401,0.0018264840182648401,0.0018264840182648401,0.00182648401826484,0.0,0.0045662100456621,0.0045662100456621,0.0045662100456621,0.0045662100456621,0.0045662100456621,0.0045662100456621,0.0,"[""ByteArrayOutputStream"", ""Arrays"", ""SimpleArgumentResolverTest"", ""HashMap"", ""ConstructorInjection$SimpleArgumentResolver"", ""HashSet""]",[0.0018264840182648401],[0.0045662100456621]
org.mockito.internal.configuration.injection.SimpleArgumentResolverTest.should_return_null_when_match_is_not_possible_on_given_types,0.0018264840182648401,0.0018264840182648401,0.0018264840182648401,0.0018264840182648401,0.0018264840182648401,0.00182648401826484,0.0,0.0045662100456621,0.0045662100456621,0.0045662100456621,0.0045662100456621,0.0045662100456621,0.0045662100456621,0.0,"[""ConstructorInjection$SimpleArgumentResolver"", ""ByteArrayOutputStream"", ""Arrays"", ""SimpleArgumentResolverTest"", ""HashSet""]",[0.0018264840182648401],[0.0045662100456621]
org.mockito.internal.util.reflection.FieldInitializerTest.should_fail_for_local_type_field,,,,0.0,,,,,,,0.0,,,,[],[],[]
org.mockitousage.bugs.ClassCastExOnVerifyZeroInteractionsTest.should_not_throw_ClassCastException_when_mock_verification_fails,,,,0.0,,,,,,,0.0,,,,[],[],[]
org.mockito.internal.stubbing.answers.AnswersValidatorTest.should_fail_if_index_is_not_in_range_for_one_arg_invocation,,,,0.0,,,,,,,0.0,,,,[],[],[]
org.mockito.verification.TimeoutTest.should_try_to_verify_correct_number_of_times,,,,0.0,,,,,,,0.0,,,,[],[],[]
org.mockitousage.bugs.InjectMocksShouldTryPropertySettersFirstBeforeFieldAccessTest.shouldInjectUsingPropertySetterIfAvailable,,,,0.0,,,,,,,0.0,,,,[],[],[]
org.mockitousage.basicapi.MocksSerializationTest.should_fail_when_serializable_used_with_type_that_dont_implements_Serializable_and_dont_declare_a_no_arg_constructor,,,,0.0,,,,,,,0.0,,,,[],[],[]
org.mockitousage.configuration.ClassCacheVersusClassReloadingTest.should_not_throw_ClassCastException_when_objenesis_cache_disabled,,,,0.0,,,,,,,0.0,,,,[],[],[]
org.mockitousage.annotation.InjectionOfInlinedMockDeclarationTest.unnamed_mocks_should_be_resolved_withe_their_field_names,,,,0.0,,,,,,,0.0,,,,[],[],[]
org.mockitousage.matchers.CapturingArgumentsTest.should_allow_assertions_on_last_argument,,,,0.0,,,,,,,0.0,,,,[],[],[]
org.mockito.internal.runners.RunnerFactoryTest.shouldCreateRunnerForJUnit44,,,,0.0,,,,,,,0.0,,,,[],[],[]
org.mockito.internal.stubbing.answers.AnswersValidatorTest.should_fail_if_index_is_not_in_range_for_example_with_no_arg_invocation,,,,0.0,,,,,,,0.0,,,,[],[],[]
org.mockitoutil.CustomAssertionsTest.shouldKnowWhenStringDoesNotContainIgnoringCase2,,,,0.0,,,,,,,0.0,,,,[],[],[]
org.mockito.runners.RunnersValidateFrameworkUsageTest.dummy,,,,0.0,,,,,,,0.0,,,,[],[],[]
org.mockitousage.annotation.MockInjectionUsingSetterOrPropertyTest.shouldKeepSameInstanceIfFieldInitialized,,,,0.0,,,,,,,0.0,,,,[],[],[]
org.mockitousage.verification.VerificationAfterDelayTest.shouldVerifyNormallyWithAtLeast,,,,0.0,,,,,,,0.0,,,,[],[],[]
org.mockitousage.annotation.CaptorAnnotationTest.testMe,,,,0.0,,,,,,,0.0,,,,[],[],[]
org.mockitousage.basicapi.MocksSerializationForAnnotationTest.should_fail_when_serializable_used_with_type_that_dont_implements_Serializable_and_dont_declare_a_no_arg_constructor,,,,0.0,,,,,,,0.0,,,,[],[],[]
org.mockitousage.verification.VerificationWithTimeoutTest.shouldAllowMixingOtherModesWithTimeout,,,,0.0,,,,,,,0.0,,,,[],[],[]
org.mockitousage.verification.DescriptiveMessagesWhenVerificationFailsTest.should_print_interactions_on_mock_when_ordinary_verification_fail,,,,0.0,,,,,,,0.0,,,,[],[],[]
org.mockito.internal.util.reflection.BeanPropertySetterTest.should_not_fail_if_bean_class_declares_only_the_setter_for_the_property,,,,0.0,,,,,,,0.0,,,,[],[],[]
org.mockitousage.PlaygroundTest.spyInAction,,,,0.0,,,,,,,0.0,,,,[],[],[]
org.mockito.internal.stubbing.answers.AnswersValidatorTest.should_fail_invalid_checked_exception,,,,0.0,,,,,,,0.0,,,,[],[],[]
org.mockitousage.matchers.CapturingArgumentsTest.should_allow_assertions_on_captured_null,,,,0.0,,,,,,,0.0,,,,[],[],[]
org.mockito.internal.stubbing.answers.AnswersValidatorTest.should_not_fail_if_returned_value_of_answer_is_null,,,,0.0,,,,,,,0.0,,,,[],[],[]
org.mockito.internal.stubbing.answers.AnswersValidatorTest.should_fail_when_return_Value_is_set_for_void_method,,,,0.0,,,,,,,0.0,,,,[],[],[]
org.mockitousage.verification.VerificationInOrderWithCallsTest.shouldFailWhenDifferentMethodCallsAreOutOfSequence,,,,0.0,,,,,,,0.0,,,,[],[],[]
org.mockito.internal.util.reflection.ParameterizedConstructorInstantiatorTest.should_fail_if_no_parameterized_constructor_found___excluding_inner_and_others_kind_of_types,,,,0.0,,,,,,,0.0,,,,[],[],[]
org.mockito.internal.runners.RunnerFactoryTest.shouldCreateRunnerForJUnit45,,,,0.0,,,,,,,0.0,,,,[],[],[]
org.mockito.internal.junit.JUnitRuleTest.dummy,,,,0.0,,,,,,,0.0,,,,[],[],[]
org.mockitousage.basicapi.MocksCreationTest.shouldCombineMockNameAndExtraInterfaces,,,,0.0,,,,,,,0.0,,,,[],[],[]
org.mockito.internal.stubbing.answers.AnswersValidatorTest.should_fail_if_argument_type_of_signature_is_incompatible_with_return_type,,,,0.0,,,,,,,0.0,,,,[],[],[]
org.mockito.MockingDetailsTest.should_handle_null_input,,,,0.0,,,,,,,0.0,,,,[],[],[]
org.mockito.internal.util.reflection.FieldInitializerTest.should_fail_to_instantiate_field_if_default_constructor_throws_exception,,,,0.0,,,,,,,0.0,,,,[],[],[]
org.mockito.internal.util.collections.HashCodeAndEqualsSafeSetTest.mock_with_failing_hashCode_method_can_be_added,,,,0.0,,,,,,,0.0,,,,[],[],[]
org.mockitousage.basicapi.MocksSerializationTest.should_serialize_real_partial_mock,,,,0.0,,,,,,,0.0,,,,[],[],[]
org.mockitousage.basicapi.MocksSerializationForAnnotationTest.should_serialization_work,,,,0.0,,,,,,,0.0,,,,[],[],[]
org.mockitousage.verification.VerificationInOrderWithCallsTest.shouldNotVerifySkippedCallsWhenFewerCallsForMethodsOnDifferentMocks,,,,0.0,,,,,,,0.0,,,,[],[],[]
org.mockito.internal.verification.VerificationOverTimeImplTest.should_deal_with_junit_assertion_error,,,,0.0,,,,,,,0.0,,,,[],[],[]
org.mockitousage.annotation.MockInjectionUsingConstructorTest.shouldNotFailWhenNotInitialized,,,,0.0,,,,,,,0.0,,,,[],[],[]
org.mockitousage.verification.VerificationInOrderWithCallsTest.shouldFailWhenMethodNotCalled,,,,0.0,,,,,,,0.0,,,,[],[],[]
org.mockito.internal.util.reflection.BeanPropertySetterTest.should_fail_if_matching_setter_cannot_be_found_and_if_report_failure_is_true,,,,0.0,,,,,,,0.0,,,,[],[],[]
org.mockitousage.verification.VerificationWithTimeoutTest.shouldAllowMixingOnlyWithTimeout,,,,0.0,,,,,,,0.0,,,,[],[],[]
org.mockito.internal.stubbing.defaultanswers.ReturnsGenericDeepStubsTest.as_expected_fail_with_a_CCE_on_callsite_when_erasure_takes_place_for_example___StringBuilder_is_subject_to_erasure,,,,0.0,,,,,,,0.0,,,,[],[],[]
org.mockitousage.bugs.ShouldNotDeadlockAnswerExecutionTest.failIfMockIsSharedBetweenThreads,,,,0.0,,,,,,,0.0,,,,[],[],[]
org.mockitousage.annotation.MockInjectionUsingSetterOrPropertyTest.shouldKeepInstanceOnInjectMockFieldIfPresent,,,,0.0,,,,,,,0.0,,,,[],[],[]
org.mockitousage.annotation.DeprecatedMockAnnotationTest.shouldInjectDeprecatedMockAnnotation,,,,0.0,,,,,,,0.0,,,,[],[],[]
org.mockito.internal.util.reflection.FieldInitializerTest.should_not_fail_if_local_type_field_is_instantiated,,,,0.0,,,,,,,0.0,,,,[],[],[]
org.mockitousage.junitrunner.VerboseMockitoRunnerTest.testIgnored,,,,0.0,,,,,,,0.0,,,,[],[],[]
org.mockito.internal.runners.util.TestMethodsFinderTest.someTest,,,,0.0,,,,,,,0.0,,,,[],[],[]
org.mockitousage.basicapi.MocksSerializationForAnnotationTest.should_serialize_object_mock,,,,0.0,,,,,,,0.0,,,,[],[],[]
org.mockitousage.junitrule.InvalidTargetMockitoJUnitRuleTest.shouldInjectWithInvalidReference,,,,0.0,,,,,,,0.0,,,,[],[],[]
org.mockito.internal.stubbing.answers.AnswersValidatorTest.should_fail_on_null_with_primitive,,,,0.0,,,,,,,0.0,,,,[],[],[]
org.mockitoutil.CustomAssertionsTest.shouldKnowWhenStringContainsIgnoringCase,,,,0.0,,,,,,,0.0,,,,[],[],[]
org.mockito.exceptions.ReporterTest.can_use_print_mock_name_even_when_mock_bogus_default_answer_and_when_reporting_injection_failure,,,,0.0,,,,,,,0.0,,,,[],[],[]
org.mockitousage.verification.VerificationInOrderWithCallsTest.shouldNotVerifySkippedCallsInInOrderWhenFewerCallsForSingleMethod,,,,0.0,,,,,,,0.0,,,,[],[],[]
org.mockito.internal.util.reflection.FieldInitializerTest.should_not_fail_if_abstract_field_is_instantiated,,,,0.0,,,,,,,0.0,,,,[],[],[]
org.mockito.internal.util.reflection.FieldInitializerTest.should_fail_to_instantiate_field_if_no_default_constructor,,,,0.0,,,,,,,0.0,,,,[],[],[]
org.mockitousage.verification.VerificationInOrderWithCallsTest.shouldNotVerifySkippedCallsWhenFewerCallsForDifferentMethods,,,,0.0,,,,,,,0.0,,,,[],[],[]
org.mockitousage.misuse.DetectingMisusedMatchersTest.should_fail_fast_when_argument_matchers_are_abused,,,,0.0,,,,,,,0.0,,,,[],[],[]
org.mockitousage.annotation.MockInjectionUsingSetterOrPropertyTest.shouldInitializeAnnotatedFieldIfNull,,,,0.0,,,,,,,0.0,,,,[],[],[]
org.mockitousage.annotation.MockInjectionUsingConstructorTest.should_report_failure_only_when_object_initialization_throws_exception,,,,0.0,,,,,,,0.0,,,,[],[],[]
org.mockitousage.annotation.DeprecatedMockAnnotationTest.shouldCreateMockForDeprecatedMockAnnotation,,,,0.0,,,,,,,0.0,,,,[],[],[]
org.mockito.internal.stubbing.answers.AnswersValidatorTest.should_fail_on_wrong_primitive,,,,0.0,,,,,,,0.0,,,,[],[],[]
org.mockitousage.bugs.InjectionByTypeShouldFirstLookForExactTypeThenAncestorTest.should_match_be_consistent_regardless_of_order,,,,0.0,,,,,,,0.0,,,,[],[],[]
org.mockitousage.verification.VerificationWithTimeoutTest.shouldAllowMixingOnlyWithTimeoutAndFail,,,,0.0,,,,,,,0.0,,,,[],[],[]
org.mockito.internal.matchers.apachecommons.EqualsBuilderTest.testname,,,,0.0,,,,,,,0.0,,,,[],[],[]
org.mockitousage.annotation.MockInjectionUsingConstructorTest.test_3,,,,0.0,,,,,,,0.0,,,,[],[],[]
org.mockito.internal.stubbing.defaultanswers.ReturnsSmartNullsTest.should_return_an_object_that_fails_on_any_method_invocation_for_non_primitives,,,,0.0,,,,,,,0.0,,,,[],[],[]
org.mockitousage.junitrunner.VerboseMockitoRunnerTest.test,,,,0.0,,,,,,,0.0,,,,[],[],[]
org.mockitousage.bugs.InjectionByTypeShouldFirstLookForExactTypeThenAncestorTest.mock_should_be_injected_once_and_in_the_best_matching_type,,,,0.0,,,,,,,0.0,,,,[],[],[]
org.mockitousage.verification.VerificationWithTimeoutTest.shouldFailVerificationWithTimeout,,,,0.0,,,,,,,0.0,,,,[],[],[]
org.mockitousage.verification.VerificationAfterDelayTest.shouldVerifyNormallyWithSpecificTimes,,,,0.0,,,,,,,0.0,,,,[],[],[]
org.mockito.internal.util.TimerTest.should_return_true_if_task_is_in_acceptable_time_bounds,,,,0.0,,,,,,,0.0,,,,[],[],[]
org.mockitousage.annotation.MockInjectionUsingConstructorTest.test_2,,,,0.0,,,,,,,0.0,,,,[],[],[]
org.mockitousage.bugs.InjectMocksShouldTryPropertySettersFirstBeforeFieldAccessTest.shouldInjectFieldIfNoSetter,,,,0.0,,,,,,,0.0,,,,[],[],[]
org.mockitousage.annotation.InjectionOfInlinedMockDeclarationTest.named_mocks_should_be_resolved_with_their_name,,,,0.0,,,,,,,0.0,,,,[],[],[]
org.mockitousage.annotation.MockInjectionUsingSetterOrPropertyTest.shouldInstantiateInjectMockFieldIfPossible,,,,0.0,,,,,,,0.0,,,,[],[],[]
org.mockito.internal.stubbing.answers.AnswersValidatorTest.should_fail_when_calling_real_method_on_interface,,,,0.0,,,,,,,0.0,,,,[],[],[]
org.mockito.internal.util.collections.HashCodeAndEqualsSafeSetTest.mock_with_failing_equals_method_can_be_used,,,,0.0,,,,,,,0.0,,,,[],[],[]
org.mockitousage.annotation.InjectionOfInlinedMockDeclarationTest.inject_mocks_even_in_declared_spy,,,,0.0,,,,,,,0.0,,,,[],[],[]
org.mockito.internal.configuration.MockInjectionTest.should_not_fail_if_property_or_field_injection_is_not_possible,,,,0.0,,,,,,,0.0,,,,[],[],[]
org.mockitousage.annotation.InjectionOfInlinedMockDeclarationTest.mock_declared_fields_shall_be_injected_too,,,,0.0,,,,,,,0.0,,,,[],[],[]
org.mockitousage.basicapi.MocksSerializationTest.should_serialize_object_mock,,,,0.0,,,,,,,0.0,,,,[],[],[]
org.mockitousage.basicapi.MocksSerializationForAnnotationTest.should_serialize_real_partial_mock,,,,0.0,,,,,,,0.0,,,,[],[],[]
org.mockito.internal.verification.VerificationOverTimeImplTest.should_throw_mockito_assertion_error,,,,0.0,,,,,,,0.0,,,,[],[],[]
org.mockitousage.verification.VerificationInOrderWithCallsTest.shouldFailWhenMethodCallsOnDifferentMocksAreOutOfSequence,,,,0.0,,,,,,,0.0,,,,[],[],[]
org.mockito.internal.util.reflection.ParameterizedConstructorInstantiatorTest.should_report_failure_if_constructor_throws_exception,,,,0.0,,,,,,,0.0,,,,[],[],[]
org.mockitousage.matchers.CapturingArgumentsTest.should_allow_assertions_on_all_captured_arguments,,,,0.0,,,,,,,0.0,,,,[],[],[]
org.mockito.internal.util.reflection.FieldInitializerTest.should_fail_for_inner_class_field,,,,0.0,,,,,,,0.0,,,,[],[],[]
org.mockitousage.basicapi.ReplacingObjectMethodsTest.shouldReplaceObjectMethodsWhenOverridden,,,,0.0,,,,,,,0.0,,,,[],[],[]
org.mockitousage.bugs.InjectionByTypeShouldFirstLookForExactTypeThenAncestorTest.should_inject_the_mock_only_once_and_in_the_correct_type,,,,0.0,,,,,,,0.0,,,,[],[],[]
org.mockito.internal.util.reflection.AccessibilityChangerTest.safelyDisableAccess_should_fail_when_enableAccess_not_called,,,,0.0,,,,,,,0.0,,,,[],[],[]
org.mockitousage.verification.VerificationWithTimeoutTest.shouldVerifyWithTimeout,,,,0.0,,,,,,,0.0,,,,[],[],[]
org.mockitousage.annotation.SpyAnnotationInitializedInBaseClassTest.shouldInitSpiesInHierarchy,,,,0.0,,,,,,,0.0,,,,[],[],[]
org.mockitoutil.CustomAssertionsTest.shouldKnowWhenStringDoesNotContainIgnoringCase,,,,0.0,,,,,,,0.0,,,,[],[],[]
org.mockito.internal.stubbing.answers.AnswersValidatorTest.should_fail_on_return_type_mismatch,,,,0.0,,,,,,,0.0,,,,[],[],[]
org.mockito.internal.stubbing.answers.AnswersValidatorTest.should_fail_when_non_void_method_does_nothing,,,,0.0,,,,,,,0.0,,,,[],[],[]
org.mockitousage.PlaygroundTest.partialMockInAction,,,,0.0,,,,,,,0.0,,,,[],[],[]
org.mockito.internal.util.reflection.FieldInitializerTest.should_not_fail_if_inner_class_field_is_instantiated,,,,0.0,,,,,,,0.0,,,,[],[],[]
org.mockito.internal.util.reflection.ParameterizedConstructorInstantiatorTest.should_fail_if_an_argument_instance_type_do_not_match_wanted_type,,,,0.0,,,,,,,0.0,,,,[],[],[]
org.mockitousage.verification.VerificationInOrderWithCallsTest.shouldFailWhenMethodCalledTooFewTimes,,,,0.0,,,,,,,0.0,,,,[],[],[]
org.mockitousage.verification.VerificationInOrderWithCallsTest.shouldNotVerifySkippedCallsWhenFewerCallsForSingleMethod,,,,0.0,,,,,,,0.0,,,,[],[],[]
org.mockitousage.verification.VerificationInOrderWithCallsTest.shouldFailWhenSingleMethodCallsAreOutOfSequence,,,,0.0,,,,,,,0.0,,,,[],[],[]
org.mockitousage.matchers.CapturingArgumentsTest.should_allow_assertions_on_captured_argument,,,,0.0,,,,,,,0.0,,,,[],[],[]
org.mockito.internal.configuration.MockInjectionTest.should_not_fail_if_constructor_injection_is_not_possible,,,,0.0,,,,,,,0.0,,,,[],[],[]
org.mockito.internal.util.collections.HashCodeAndEqualsSafeSetTest.can_add_mock_that_have_failing_hashCode_method,,,,0.0,,,,,,,0.0,,,,[],[],[]
org.mockitousage.verification.VerificationInOrderWithCallsTest.shouldNotVerifySkippedCallsInInOrderWhenFewerCallsForMethodsOnDifferentMocks,,,,0.0,,,,,,,0.0,,,,[],[],[]
org.mockitousage.verification.VerificationAfterDelayTest.shouldFailVerificationWithWrongTimes,,,,0.0,,,,,,,0.0,,,,[],[],[]
org.mockitousage.bugs.ShouldNotTryToInjectInFinalOrStaticFieldsTest.dont_fail_with_CONSTANTS,,,,0.0,,,,,,,0.0,,,,[],[],[]
org.mockitousage.verification.VerificationInOrderWithCallsTest.shouldNotVerifySkippedCallsInInOrderWhenFewerCallsForDifferentMethods,,,,0.0,,,,,,,0.0,,,,[],[],[]
org.mockito.verification.TimeoutTest.should_pass_even_if_first_verification_fails,,,,0.0,,,,,,,0.0,,,,[],[],[]
org.mockito.internal.util.TimerTest.should_return_false_when_time_run_out,,,,0.0,,,,,,,0.0,,,,[],[],[]
org.mockito.verification.TimeoutTest.should_fail_because_verification_fails,,,,0.0,,,,,,,0.0,,,,[],[],[]
org.mockitousage.verification.VerificationWithTimeoutTest.shouldAllowMixingOtherModesWithTimeoutAndFail,,,,0.0,,,,,,,0.0,,,,[],[],[]
org.mockito.internal.util.reflection.FieldInitializerTest.should_not_fail_if_interface_field_is_instantiated,,,,0.0,,,,,,,0.0,,,,[],[],[]
org.concurrentmockito.ThreadsRunAllTestsHalfManualTest.shouldRunInMultipleThreads,,,,0.0,,,,,,,0.0,,,,[],[],[]
org.mockitousage.basicapi.ReplacingObjectMethodsTest.shouldReplaceObjectMethods,,,,0.0,,,,,,,0.0,,,,[],[],[]
org.mockitousage.annotation.MockInjectionUsingConstructorTest.test_1,,,,0.0,,,,,,,0.0,,,,[],[],[]
org.mockitousage.bugs.ParentTestMockInjectionTest.noNullPointerException,,,,0.0,,,,,,,0.0,,,,[],[],[]
org.mockito.internal.util.reflection.FieldInitializerTest.should_fail_for_interface_field,,,,0.0,,,,,,,0.0,,,,[],[],[]
org.mockito.internal.stubbing.answers.AnswersValidatorTest.should_fail_if_returned_value_of_answer_is_incompatible_with_return_type,,,,0.0,,,,,,,0.0,,,,[],[],[]
org.mockitousage.verification.VerificationAfterDelayTest.shouldStopEarlyIfTestIsDefinitelyFailed,,,,0.0,,,,,,,0.0,,,,[],[],[]
org.mockito.internal.verification.VerificationOverTimeImplTest.should_not_wrap_other_exceptions,,,,0.0,,,,,,,0.0,,,,[],[],[]
org.mockito.internal.util.reflection.FieldInitializerTest.should_fail_for_abstract_field,,,,0.0,,,,,,,0.0,,,,[],[],[]
org.mockitousage.bugs.ShouldNotDeadlockAnswerExecutionTest.successIfEveryThreadHasItsOwnMock,,,,0.0,,,,,,,0.0,,,,[],[],[]
org.mockitousage.bugs.ShouldNotTryToInjectInFinalOrStaticFieldsTest.dont_inject_in_final,,,,0.0,,,,,,,0.0,,,,[],[],[]
